Date and Time:                Tue Mar 25 11:59:17.361 2025
Software Version:             4.32.30137.0
Unstabilized Temperature (C): 22,646
Model:                        DU970P_BVF
Data Type:                    Counts (Bg Corrected)
Acquisition Mode:             Accumulate
Trigger Mode:                 Internal
Exposure Time (secs):         1
Accumulate Cycle Time (secs): 1
Frequency (Hz):               1
Number of Accumulations:      10
Readout Mode:                 Full Vertical Binning
Horizontal binning:           1
Shutter Mode:                 Permanently OPEN
TTL level:                    High
Time to open:                 27 ms
Time to close:                27 ms
Extended Data Range:          off
Horizontally flipped:         false
Vertical Shift Speed (usecs): 9,68
Pixel Readout Rate (MHz):     0,05
Baseline Clamp:               ON
Clock Amplitude:              Normal
Output Amplifier:             Electron Multiplying
EM DAC level:                 0
Serial Number:                CCD-28289
Pre-Amplifier Gain:           1x
Spurious Noise Filter Mode:   No Filter
Photon counted:               false
Data Averaging Filter Mode:   No Filter
KY193i:
Serial Number:                KY-3589
Wavelength (nm):              711,54
Grating Groove Density (l/mm):150
Grating Blaze:                500nm
Output Flipper Port:          Direct



262,12247	84
262,66187	-11
263,2012	59
263,74057	24
264,27988	58
264,81918	-18
265,35846	-45
265,89774	67
266,43698	43
266,97623	-664
267,51544	87
268,05463	24
268,59378	-35
269,13293	83
269,67209	-11
270,21118	-90
270,75031	63
271,28937	-5
271,82843	31
272,36746	15
272,90649	119
273,4455	-26
273,98447	155
274,52344	99
275,06238	-19
275,60132	39
276,14023	66
276,67911	2
277,21799	44
277,75684	160
278,29565	52
278,83447	41
279,37326	-70
279,91205	45
280,45081	80
280,98953	1
281,52826	-43
282,06696	64
282,60565	-53
283,14429	66
283,68295	1
284,22156	-6
284,76016	53
285,29877	25
285,83731	78
286,37589	-101
286,9144	54
287,45291	64
287,99139	44
288,52988	-51
289,06833	48
289,60678	70
290,14517	-42
290,68359	154
291,22195	-22
291,76031	62
292,29865	48
292,83698	-98
293,37527	106
293,91357	-77
294,45184	81
294,99008	2
295,52832	32
296,06653	-8
296,60471	-173
297,14288	-91
297,68103	-12
298,21915	159
298,75726	-92
299,29538	26
299,83344	-36
300,37149	1
300,90955	44
301,44754	-32
301,98557	13
302,52353	66
303,06149	59
303,59946	-126
304,13736	88
304,67526	22
305,21317	5
305,75104	-8
306,28888	-106
306,82672	144
307,36453	-4
307,90231	46
308,44009	49
308,97784	81
309,51556	-168
310,05328	16
310,591	-12
311,12866	95
311,66632	68
312,20398	198
312,74158	23
313,27921	9
313,81677	16
314,35434	174
314,89188	37
315,42941	84
315,96692	-55
316,50443	-12
317,0419	71
317,57935	-15
318,11676	118
318,65417	10
319,19159	-46
319,72894	13
320,26633	42
320,80365	-109
321,34097	-58
321,87827	131
322,41556	189
322,95282	121
323,49005	21
324,02728	-78
324,56448	31
325,10168	-10
325,63885	-91
326,17599	-115
326,71313	-23
327,25024	116
327,78732	-122
328,3244	-50
328,86145	142
329,3985	70
329,93552	-58
330,4725	-56
331,00949	53
331,54645	-94
332,0834	182
332,62033	-115
333,15723	80
333,69409	8
334,23099	35
334,76782	15
335,30466	74
335,84146	-138
336,37823	141
336,91501	-88
337,45178	-2
337,98849	50
338,52521	84
339,06192	28
339,5986	34
340,13525	11
340,67188	-63
341,2085	-50
341,74512	93
342,28168	-22
342,81827	-48
343,3548	53
343,89133	73
344,42783	-40
344,96432	29
345,50079	86
346,03723	-15
346,57367	21
347,11008	26
347,64648	-57
348,18286	-11
348,71921	-13
349,25555	-42
349,79187	113
350,32816	259
350,86444	-12
351,4007	-124
351,93695	3
352,47318	191
353,00937	37
353,54556	-34
354,08173	44
354,61786	-86
355,15399	195
355,69009	141
356,2262	-10
356,76227	-22
357,29831	150
357,83435	-36
358,37036	-58
358,90637	71
359,44235	-10
359,9783	-65
360,51425	-49
361,05017	-18
361,58606	133
362,12195	-44
362,65781	-15
363,19366	-16
363,72949	11
364,26529	30
364,80109	9
365,33685	73
365,87259	-127
366,40833	53
366,94403	67
367,47974	-8
368,01541	177
368,55106	16
369,0867	-158
369,62231	66
370,15793	-14
370,69351	27
371,22906	-23
371,76462	-47
372,30014	-135
372,83563	56
373,37112	-101
373,90659	-97
374,44205	-35
374,97745	42
375,51288	24
376,04828	-69
376,58365	36
377,11899	132
377,65433	37
378,18964	-11
378,72495	75
379,26022	59
379,79547	-66
380,33072	152
380,86594	2
381,40112	25
381,93631	3
382,4715	-118
383,00662	91
383,54175	54
384,07687	-47
384,61194	149
385,14703	137
385,68207	34
386,2171	-1
386,75211	-31
387,28711	47
387,82208	61
388,35706	3
388,89197	-20
389,42691	1
389,96179	36
390,49667	55
391,03156	-83
391,56638	-65
392,1012	23
392,63602	-71
393,17081	-24
393,70557	133
394,24033	-5
394,77505	89
395,30975	-53
395,84445	37
396,37912	-143
396,91379	-16
397,44843	160
397,98303	15
398,51764	101
399,05222	70
399,58676	-104
400,12131	37
400,65582	-110
401,19034	160
401,72482	21
402,25928	75
402,79373	40
403,32816	77
403,86255	-127
404,39694	52
404,9313	-94
405,46567	-16
406	83
406,5343	132
407,0686	90
407,60287	70
408,13715	-41
408,67139	77
409,2056	23
409,73981	-83
410,27399	71
410,80814	39
411,34229	-92
411,8764	50
412,41052	-69
412,94461	-49
413,47867	-85
414,01273	69
414,54675	129
415,08075	114
415,61475	-26
416,14874	93
416,68268	44
417,21661	-47
417,75055	23
418,28442	72
418,8183	17
419,35217	-26
419,88602	-4
420,41983	-18
420,95364	-10
421,48743	-38
422,02118	69
422,55493	-137
423,08865	100
423,62238	90
424,15607	0
424,68973	12
425,22339	107
425,75702	136
426,29062	0
426,82422	115
427,35779	17
427,89136	64
428,4249	47
428,9584	145
429,49191	-118
430,02539	-10
430,55887	103
431,09232	64
431,62573	-17
432,15915	-10
432,69254	151
433,22589	-50
433,75925	6
434,29257	10
434,8259	-7
435,35919	54
435,89246	-3
436,42572	10
436,95895	127
437,49216	32
438,02536	109
438,55853	-96
439,09171	13
439,62485	46
440,15796	-54
440,69107	-18
441,22415	-60
441,7572	3
442,29025	12
442,8233	58
443,35629	-86
443,88928	131
444,42227	72
444,9552	182
445,48816	6
446,02106	84
446,55396	-17
447,08682	43
447,61969	142
448,15253	-27
448,68536	126
449,21814	47
449,75095	-82
450,28369	-18
450,81644	198
451,34918	45
451,88187	156
452,41455	-19
452,94724	-46
453,47989	136
454,01251	213
454,54514	32
455,07773	-17
455,61029	13
456,14285	59
456,67538	7
457,20792	110
457,74039	72
458,27289	18
458,80533	104
459,33777	0
459,87021	150
460,40262	146
460,935	15
461,46738	9
461,99969	152
462,53204	50
463,06436	38
463,59665	-52
464,12891	107
464,66116	96
465,19339	28
465,72562	-21
466,25781	171
466,78998	116
467,32214	-15
467,85428	13
468,38641	100
468,91852	-12
469,45059	37
469,98267	77
470,51471	78
471,04672	-27
471,57874	70
472,11072	120
472,6427	28
473,17465	82
473,70657	-30
474,23849	121
474,77039	82
475,30225	8
475,83411	87
476,36594	44
476,89777	123
477,42957	-67
477,96133	-57
478,4931	29
479,02484	-14
479,55658	-6
480,08829	-19
480,61996	64
481,15164	-91
481,68329	43
482,2149	-12
482,74652	-14
483,27811	132
483,80969	72
484,34122	179
484,87277	-47
485,40427	-34
485,93579	53
486,46725	-110
486,99872	-11
487,53015	121
488,06158	129
488,59299	-9
489,12436	119
489,65573	-32
490,18707	105
490,71838	-15
491,24969	262
491,78101	-15
492,31226	52
492,84351	-28
493,37476	-68
493,90598	-104
494,43716	129
494,96832	152
495,49948	-28
496,03061	-464
496,56174	108
497,09283	-31
497,62393	-32
498,155	14
498,68604	135
499,21704	198
499,74805	-53
500,27905	-3
500,81	-9
501,34097	-2
501,87189	2
502,4028	62
502,93369	71
503,46457	78
503,99542	222
504,52625	41
505,05707	-113
505,58786	3
506,11865	77
506,64941	59
507,18015	-18
507,71088	48
508,24158	-116
508,77225	59
509,30292	-45
509,83356	70
510,3642	8
510,89481	107
511,42538	-16
511,95596	129
512,48651	-1
513,01703	-22
513,54755	-49
514,07806	-102
514,60852	-30
515,13898	-15
515,66943	-14
516,19983	88
516,73022	-36
517,26062	-34
517,79095	205
518,32135	116
518,85162	-112
519,38196	21
519,91223	-92
520,4425	-10
520,97278	10
521,50299	2
522,0332	-95
522,56342	5
523,09357	-165
523,62372	4
524,15387	12
524,68396	74
525,21405	-48
525,74414	-6
526,27423	-20
526,80426	122
527,33429	115
527,86426	29
528,39429	-121
528,92426	-44
529,45416	12
529,98413	-20
530,51404	-134
531,04388	46
531,57379	-36
532,10364	68
532,63348	44
533,16327	64
533,69305	4
534,22284	-45
534,75262	42
535,28235	-69
535,81207	64
536,34174	-2
536,87146	33
537,40112	-132
537,93073	-20
538,46039	-33
538,98999	14
539,51959	74
540,04913	-17
540,57867	37
541,10822	-66
541,6377	76
542,16724	47
542,69672	34
543,22614	166
543,75555	61
544,28497	-18
544,81439	54
545,34375	-123
545,87311	-97
546,40247	44
546,93182	-90
547,46112	142
547,99042	126
548,51965	-38
549,04889	44
549,57813	60
550,10736	-17
550,63654	-48
551,16571	195
551,69482	125
552,224	122
552,75311	55
553,28223	-37
553,81128	-20
554,34033	-41
554,86938	1
555,39838	-88
555,92737	97
556,45636	-22
556,98535	-67
557,51428	-6
558,04321	9
558,57214	-64
559,10101	16
559,62988	-98
560,15869	-15
560,68756	-175
561,21637	62
561,74518	-140
562,27393	-7
562,80267	153
563,33142	-34
563,86017	-2
564,38885	36
564,91754	48
565,44617	-33
565,97479	82
566,50342	63
567,03204	-65
567,56061	-119
568,08917	99
568,61774	56
569,1463	-10
569,6748	-29
570,20325	-54
570,73175	40
571,26019	5
571,78864	51
572,31708	50
572,84546	-4
573,37384	-6
573,90216	92
574,43054	53
574,95886	-12
575,48712	105
576,01544	17
576,5437	-88
577,07196	-70
577,60016	-5
578,12836	-19
578,65656	112
579,18475	-263
579,71289	42
580,24103	49
580,7691	73
581,29724	21
581,82532	83
582,35333	57
582,88141	-1
583,40942	105
583,93738	-101
584,46539	-32
584,99335	-30
585,5213	98
586,04919	79
586,57709	-4
587,10498	-148
587,63287	38
588,16071	93
588,68854	88
589,21637	39
589,74414	59
590,27191	-43
590,79968	105
591,32739	14
591,8551	31
592,38281	72
592,91052	-28
593,43817	-27
593,96582	176
594,49341	-8
595,021	5
595,54858	-32
596,07617	-68
596,6037	-5
597,13123	128
597,65875	77
598,18622	-87
598,71368	-36
599,24115	6
599,76855	53
600,29602	168
600,82336	-6
601,35077	14
601,87811	41
602,40546	65
602,9328	-5
603,46008	76
603,98737	91
604,51465	-34
605,04187	-138
605,56909	23
606,09631	79
606,62347	-34
607,15063	221
607,6778	104
608,2049	-102
608,73206	116
609,25916	-19
609,78619	9
610,31323	69
610,84027	-136
611,36731	121
611,89429	-36
612,42126	98
612,94824	62
613,47516	60
614,00208	25
614,52899	36
615,05591	12
615,58276	-8
616,10962	171
616,63641	214
617,16321	-71
617,69	143
618,2168	-7
618,74353	62
619,27026	-146
619,797	59
620,32367	67
620,85034	-60
621,37701	77
621,90369	139
622,4303	32
622,95685	39
623,48346	-72
624,01001	38
624,53656	8
625,06311	15
625,5896	41
626,11609	-16
626,64258	44
627,16901	32
627,69543	44
628,22186	135
628,74823	-24
629,2746	51
629,80096	84
630,32727	-3
630,85364	-65
631,37988	-103
631,90619	-21
632,43243	45
632,95868	13
633,48492	18
634,01111	72
634,53729	5
635,06348	-33
635,5896	96
636,11572	174
636,64185	80
637,16791	154
637,69403	135
638,22003	69
638,74609	-79
639,27209	-25
639,7981	-37
640,3241	-9
640,85004	177
641,37598	125
641,90192	171
642,4278	9
642,95367	56
643,47955	34
644,00537	85
644,53119	60
645,05701	188
645,58282	163
646,10858	148
646,63434	212
647,16003	52
647,68573	158
648,21143	-68
648,73712	61
649,26276	51
649,78839	207
650,31403	200
650,83966	-37
651,36523	246
651,89075	176
652,41632	130
652,94183	152
653,46735	108
653,9928	203
654,51831	241
655,04376	273
655,56915	202
656,09454	280
656,61993	317
657,14532	275
657,67072	365
658,19604	329
658,72131	310
659,24664	322
659,77191	427
660,29718	352
660,82239	471
661,3476	638
661,8728	485
662,39801	719
662,92316	774
663,4483	877
663,97345	1026
664,49854	1010
665,02362	1119
665,54871	1287
666,07373	1441
666,59875	1522
667,12378	1768
667,6488	1879
668,17377	1957
668,69873	2305
669,22363	2619
669,7486	2768
670,2735	2963
670,79834	3298
671,32324	3613
671,84808	4062
672,37286	4424
672,89771	4914
673,42249	5406
673,9472	6036
674,47198	6674
674,9967	7400
675,52142	8055
676,04608	8902
676,5708	9745
677,09546	10775
677,62006	12144
678,14471	13546
678,66925	14704
679,19385	16236
679,71844	18140
680,24298	20180
680,76746	22203
681,29199	24669
681,81647	27287
682,34094	29824
682,86536	33331
683,38977	36982
683,91418	40633
684,4386	44338
684,96295	47767
685,4873	51739
686,01166	56347
686,53595	61237
687,06024	66852
687,58453	73055
688,10876	77750
688,633	83378
689,15723	88086
689,68146	93156
690,20563	97949
690,7298	101177
691,25391	106332
691,77802	109887
692,30212	113079
692,82623	116390
693,35028	119944
693,87433	122575
694,39838	124589
694,92236	125433
695,44635	124614
695,97034	124679
696,49432	124874
697,01825	124140
697,54218	121578
698,06604	120297
698,5899	118645
699,11377	116415
699,63763	112864
700,16144	109640
700,68524	105988
701,20905	101612
701,73279	96118
702,25653	92286
702,78027	88647
703,30396	84363
703,82764	80131
704,35132	76077
704,875	70981
705,39862	66982
705,92224	62939
706,4458	58436
706,96942	54394
707,49298	50887
708,01648	46791
708,54004	43374
709,06354	39962
709,58698	36774
710,11047	33885
710,63391	31032
711,15735	28439
711,68073	25976
712,2041	23787
712,72748	21641
713,25085	19940
713,77417	17922
714,29749	16196
714,82074	14615
715,34406	13291
715,86731	11940
716,3905	10895
716,91376	9503
717,43695	8578
717,96008	7643
718,48328	6932
719,00641	6189
719,52954	5538
720,05261	5013
720,57574	4523
721,09882	3782
721,62183	3552
722,14484	3186
722,66785	3757
723,19086	2427
723,71381	2168
724,23676	2107
724,7597	1811
725,28265	1599
725,80554	1551
726,32837	1501
726,85126	1310
727,37408	1097
727,89691	1035
728,41968	951
728,9425	826
729,46527	796
729,98798	758
730,51074	733
731,03345	521
731,55609	614
732,0788	534
732,60144	395
733,12408	461
733,64667	447
734,16925	370
734,69183	558
735,21442	350
735,73694	473
736,25946	214
736,78192	255
737,30444	339
737,8269	336
738,3493	319
738,87177	267
739,39417	338
739,9165	293
740,4389	189
740,96124	222
741,48358	177
742,00586	301
742,52814	88
743,05042	168
743,57269	146
744,09491	135
744,61713	136
745,13934	37
745,6615	186
746,18365	4
746,70581	97
747,22791	261
747,75	14
748,27209	15
748,79419	-23
749,31622	20
749,83826	126
750,36023	78
750,8822	159
751,40417	7
751,92615	38
752,44806	112
752,96997	192
753,49188	167
754,01373	83
754,53558	49
755,05743	99
755,57928	151
756,10107	102
756,62286	-26
757,14459	-8
757,66632	106
758,18805	140
758,70978	25
759,23145	164
759,75311	-104
760,27478	39
760,79639	-61
761,31799	48
761,8396	-72
762,36115	-74
762,88269	14
763,40424	-28
763,92578	-54
764,44727	19
764,96875	1
765,49017	48
766,01166	90
766,53308	-12
767,05444	106
767,57587	52
768,09723	12
768,61853	12
769,13989	-43
769,66119	-9
770,1825	35
770,70374	-56
771,22498	21
771,74622	58
772,26746	72
772,78864	25
773,30981	10
773,83093	63
774,35211	189
774,87323	9
775,39429	-17
775,91541	-107
776,43646	45
776,95746	-3
777,47852	15
777,99951	94
778,52051	131
779,04144	72
779,56244	187
780,08331	-50
780,60425	-155
781,12512	-3
781,646	9
782,16687	29
782,68768	16
783,2085	97
783,72931	-84
784,25006	176
784,77087	-41
785,29156	17
785,81232	83
786,33301	59
786,8537	-13
787,37433	-72
787,89502	-55
788,41565	95
788,93622	-23
789,45685	-10
789,97742	-67
790,49792	143
791,01849	104
791,539	38
792,05945	-10
792,57996	104
793,1004	-121
793,62085	29
794,14124	76
794,66168	6
795,18207	-39
795,70239	67
796,22272	-38
796,74304	17
797,26337	183
797,78363	76
798,30396	229
798,82416	14
799,34442	-74
799,86462	-109
800,38483	21
800,90497	-44
801,42511	120
801,94525	-46
802,46539	109
802,98547	231
803,50555	-5
804,02563	-59
804,54565	173
805,06567	46
805,58569	-11
806,10565	28
806,62561	87
807,14557	71
807,66553	40
808,18542	16
808,70532	-4
809,22516	19
809,745	58
810,26483	53
810,78467	-165
811,30444	6
811,82422	3
812,34399	-7
812,86371	23
813,38342	-79
813,90314	100
814,42279	-55
814,9425	42
815,4621	133
815,98175	50
816,50134	-67
817,02094	18
817,54053	-22
818,06006	51
818,57959	-107
819,09912	-60
819,61859	7
820,13806	-41
820,65753	17
821,17694	201
821,69635	38
822,21576	-106
822,73517	-77
823,25452	14
823,77386	-142
824,29315	-8
824,81244	37
825,33173	-367
825,85101	42
826,37024	29
826,88947	11
827,40869	59
827,92786	62
828,44708	59
828,96619	111
829,48535	8
830,00446	-7
830,52356	63
831,0426	792
831,56171	17
832,08069	-55
832,59973	30
833,11871	43
833,6377	31
834,15668	-10
834,6756	-85
835,19452	-9
835,71344	69
836,23236	-1
836,75122	58
837,27008	39
837,78888	-31
838,30768	100
838,82648	42
839,34528	83
839,86401	-110
840,38275	121
840,90149	-78
841,42017	35
841,93884	-51
842,45752	17
842,97614	84
843,49475	156
844,01337	-43
844,53198	-23
845,05054	81
845,56909	84
846,08759	3
846,60608	43
847,12457	78
847,64307	3
848,1615	48
848,67993	-88
849,19836	50
849,71674	81
850,23511	61
850,75348	13
851,27185	20
851,79016	173
852,30847	4
852,82672	144
853,34497	-23
853,86322	-102
854,38147	-15
854,89966	75
855,41785	-100
855,93604	-23
856,45416	16
856,97229	-155
857,49042	104
858,00848	-20
858,52661	58
859,04462	68
859,56268	-35
860,08069	-65
860,59869	-22
861,11664	80
861,63464	42
862,15259	-173
862,67047	119
863,18842	13
863,7063	-54
864,22412	45
864,742	118
865,25983	-31
865,77765	-65
866,29541	-24
866,81317	70
867,33093	75
867,84869	-45
868,36639	-17
868,88409	34
869,40179	-84
869,91943	8
870,43707	4
870,95471	54
871,47229	-93
871,98987	16
872,50745	-19
873,02496	-74
873,54248	10
874,06	152
874,57751	70
875,09497	4
875,61243	32
876,12982	30
876,64728	23
877,16467	1
877,68201	129
878,1994	-37
878,71674	-98
879,23401	-44
879,75134	34
880,26862	62
880,78589	68
881,3031	-35
881,82031	-20
882,33752	-29
882,85474	-25
883,37189	28
883,88904	-8
884,40619	-4
884,92328	-61
885,44037	23
885,95746	-67
886,47449	-61
886,99152	25
887,50854	91
888,02551	-123
888,54254	-93
889,05945	27
889,57642	33
890,09332	-52
890,61023	44
891,12714	2
891,64398	-34
892,16083	-28
892,67767	48
893,19446	-51
893,71124	56
894,22803	-48
894,74475	-16
895,26147	-14
895,7782	70
896,29492	-63
896,81158	-37
897,32825	101
897,84485	26
898,36151	-34
898,87811	47
899,39465	-47
899,91125	-68
900,4278	114
900,94427	9
901,46082	-25
901,97729	105
902,49377	-15
903,01019	0
903,52661	-24
904,04303	119
904,55945	93
905,07581	21
905,59216	87
906,10852	-176
906,62482	54
907,14111	39
907,65741	50
908,17365	38
908,68988	62
909,20612	118
909,72229	-65
910,23846	-9
910,75464	145
911,27081	164
911,78693	10
912,30304	20
912,81909	-20
913,33521	183
913,85126	51
914,36725	34
914,8833	71
915,39929	110
915,91528	-70
916,43121	31
916,94714	22
917,46307	121
917,97894	-23
918,49487	-28
919,01068	-2
919,52655	-25
920,04236	86
920,55817	143
921,07397	152
921,58972	31
922,10547	-39
922,62122	44
923,1369	199
923,65259	-41
924,16827	-63
924,68396	-102
925,19958	-13
925,71521	-10
926,23077	-83
926,74634	88
927,2619	-32
927,77747	48
928,29297	39
928,80847	-111
929,32397	42
929,83942	-10
930,35486	185
930,8703	81
931,38574	31
931,90112	-42
932,4165	-15
932,93182	-158
933,44714	-100
933,96246	-11
934,47778	14
934,99304	660
935,5083	86
936,02356	-140
936,53876	-9
937,05396	45
937,56915	-4
938,08429	-56
938,59943	6
939,11456	8
939,6297	57
940,14478	0
940,65985	94
941,17487	61
941,68988	149
942,2049	-62
942,71991	188
943,23486	43
943,74982	-79
944,26477	-68
944,77966	92
945,29462	8
945,80945	-90
946,32434	8
946,83917	-85
947,354	62
947,86877	189
948,38361	-3
948,89832	1
949,41309	36
949,9278	52
950,4425	2
950,95721	-28
951,47186	-56
951,98651	-13
952,50116	106
953,01581	-80
953,5304	40
954,04498	-179
954,55951	-59
955,07404	26
955,58856	52
956,10309	2
956,61755	126
957,13202	-123
957,64648	-36
958,16089	15
958,67529	88
959,1897	92
959,70404	45
960,21838	-77
960,73273	-87
961,24701	-140
961,76135	43
962,27563	211
962,78986	-10
963,30408	-90
963,8183	101
964,33252	30
964,84668	127
965,36084	-39
965,875	-44
966,3891	131
966,9032	33
967,4173	64
967,9314	-7
968,44543	-10
968,95947	10
969,47345	-7
969,98743	10
970,5014	-68
971,01538	-9
971,5293	131
972,04321	33
972,55713	49
973,07098	79
973,58484	154
974,09869	-48
974,61249	-115
975,12628	26
975,64008	-36
976,15387	-22
976,6676	-2
977,18134	-76
977,69501	-122
978,20874	-91
978,72241	29
979,23602	61
979,74969	49
980,26331	34
980,77686	46
981,29047	16
981,80402	-4
982,31757	-70
982,83105	-38
983,34454	137
983,85803	-163
984,37152	-22
984,88495	93
985,39838	71
985,91174	-44
986,42517	-55
986,93854	-46
987,45184	59
987,96521	35
988,47852	117
988,99176	73
989,50507	2
990,01831	116
990,53156	76
991,04474	114
991,55798	23
992,07111	55
992,58429	-91
993,09741	60
993,61053	114
994,12366	23
994,63672	12
995,14978	-12
995,66284	33
996,17584	47
996,6889	70
997,20184	21
997,71484	169
998,22778	88
998,74072	-22
999,2536	83
999,76654	180
1000,2794	-9
1000,7922	-6
1001,3051	117
1001,8179	-36
1002,3307	158
1002,8435	-15
1003,3563	50
1003,869	-121
1004,3817	61
1004,8944	-12
1005,4071	-11
1005,9198	-38
1006,4324	122
1006,9451	49
1007,4576	-57
1007,9703	101
1008,4828	-14
1008,9954	155
1009,5079	-125
1010,0204	-18
1010,5329	233
1011,0454	54
1011,5579	-10
1012,0703	124
1012,5827	62
1013,0952	-24
1013,6075	41
1014,1199	-13
1014,6322	111
1015,1445	-23
1015,6569	15
1016,1691	90
1016,6814	61
1017,1937	-45
1017,7059	-125
1018,2181	-8
1018,7303	85
1019,2425	150
1019,7546	-79
1020,2668	19
1020,7789	124
1021,291	78
1021,803	45
1022,3151	17
1022,8271	62
1023,3392	94
1023,8512	-8
1024,3632	-1
1024,8751	-23
1025,3871	-1
1025,899	48
1026,4109	23
1026,9229	-25
1027,4347	97
1027,9465	55
1028,4584	112
1028,9702	22
1029,4821	8
1029,9938	108
1030,5055	-32
1031,0173	4
1031,5291	51
1032,0406	-142
1032,5524	41
1033,0641	-2
1033,5757	89
1034,0873	19
1034,599	-83
1035,1105	-58
1035,6221	-53
1036,1337	62
1036,6451	-84
1037,1567	41
1037,6682	-43
1038,1797	95
1038,6912	-2
1039,2025	-58
1039,714	67
1040,2253	-18
1040,7368	152
1041,2482	56
1041,7595	64
1042,2708	-163
1042,7821	94
1043,2933	85
1043,8047	-71
1044,3159	-41
1044,8271	58
1045,3384	16
1045,8495	191
1046,3607	-4
1046,8718	278
1047,3831	183
1047,8942	168
1048,4052	40
1048,9163	64
1049,4274	-57
1049,9384	29
1050,4495	-26
1050,9604	40
1051,4714	59
1051,9824	-35
1052,4933	-45
1053,0043	70
1053,5151	73
1054,026	65
1054,5369	80
1055,0477	92
1055,5586	22
1056,0695	139
1056,5802	-467
1057,0909	-57
1057,6017	89
1058,1124	83
1058,6232	100
1059,1339	33
1059,6445	119
1060,1553	33
1060,6659	101
1061,1765	22
1061,6871	121
1062,1978	90
1062,7083	-13
1063,2189	-17
1063,7294	82
1064,2399	45
1064,7504	2
1065,2609	62
1065,7712	102
1066,2817	31
1066,7921	55
1067,3025	114
1067,8129	186
1068,3232	12
1068,8336	97
1069,344	146
1069,8542	68
1070,3645	50
1070,8748	82
1071,385	-22
1071,8953	94
1072,4055	101
1072,9156	125
1073,4258	54
1073,936	-27
1074,4462	86
1074,9562	83
1075,4663	151
1075,9764	-11
1076,4865	-88
1076,9965	-57
1077,5065	40
1078,0165	21
1078,5265	168
1079,0365	-78
1079,5464	-23
1080,0564	-49
1080,5663	-24
1081,0762	-125
1081,5861	-135
1082,0958	-3
1082,6057	144
1083,1155	115
1083,6252	-37
1084,135	-92
1084,6448	62
1085,1545	37
1085,6643	-10
1086,174	10
1086,6836	1
1087,1934	11
1087,703	-10
1088,2125	38
1088,7222	-14
1089,2318	-131
1089,7413	35
1090,2509	89
1090,7604	53
1091,2699	36
1091,7794	96
1092,2888	26
1092,7983	-22
1093,3077	94
1093,8171	56
1094,3265	-26
1094,8359	71
1095,3453	-41
1095,8546	44
1096,364	-33
1096,8733	434
1097,3826	95
1097,8918	107
1098,4011	4
1098,9103	167
1099,4196	91
1099,9287	-89
1100,4379	103
