Date and Time:                Tue Mar 25 12:25:40.084 2025
Software Version:             4.32.30137.0
Unstabilized Temperature (C): 22,646
Model:                        DU970P_BVF
Data Type:                    Counts (Bg Corrected)
Acquisition Mode:             Accumulate
Trigger Mode:                 Internal
Exposure Time (secs):         1
Accumulate Cycle Time (secs): 1
Frequency (Hz):               1
Number of Accumulations:      10
Readout Mode:                 Full Vertical Binning
Horizontal binning:           1
Shutter Mode:                 Permanently OPEN
TTL level:                    High
Time to open:                 27 ms
Time to close:                27 ms
Extended Data Range:          off
Horizontally flipped:         false
Vertical Shift Speed (usecs): 9,68
Pixel Readout Rate (MHz):     0,05
Baseline Clamp:               ON
Clock Amplitude:              Normal
Output Amplifier:             Electron Multiplying
EM DAC level:                 0
Serial Number:                CCD-28289
Pre-Amplifier Gain:           1x
Spurious Noise Filter Mode:   No Filter
Photon counted:               false
Data Averaging Filter Mode:   No Filter
KY193i:
Serial Number:                KY-3589
Wavelength (nm):              711,54
Grating Groove Density (l/mm):150
Grating Blaze:                500nm
Output Flipper Port:          Direct



262,12247	-37
262,66187	21
263,2012	6
263,74057	-126
264,27988	-131
264,81918	-54
265,35846	-52
265,89774	-197
266,43698	-117
266,97623	-56
267,51544	-189
268,05463	-204
268,59378	-91
269,13293	-134
269,67209	-24
270,21118	-106
270,75031	-267
271,28937	-49
271,82843	-151
272,36746	-54
272,90649	-34
273,4455	-78
273,98447	-102
274,52344	-147
275,06238	-86
275,60132	9
276,14023	-212
276,67911	-29
277,21799	-111
277,75684	-151
278,29565	-126
278,83447	-191
279,37326	-105
279,91205	-47
280,45081	-14
280,98953	-183
281,52826	-21
282,06696	-182
282,60565	-42
283,14429	-94
283,68295	-42
284,22156	-105
284,76016	-141
285,29877	-62
285,83731	-111
286,37589	-307
286,9144	64
287,45291	23
287,99139	7
288,52988	-32
289,06833	-47
289,60678	-129
290,14517	-195
290,68359	-92
291,22195	-98
291,76031	-114
292,29865	40
292,83698	-69
293,37527	-103
293,91357	-199
294,45184	-2
294,99008	-15
295,52832	-49
296,06653	-59
296,60471	85
297,14288	-193
297,68103	-106
298,21915	-17
298,75726	41
299,29538	-110
299,83344	-94
300,37149	-75
300,90955	-131
301,44754	-102
301,98557	67
302,52353	-111
303,06149	-114
303,59946	23
304,13736	-270
304,67526	-201
305,21317	-138
305,75104	29
306,28888	55
306,82672	-112
307,36453	-145
307,90231	-23
308,44009	-61
308,97784	4
309,51556	-39
310,05328	-25
310,591	-172
311,12866	-105
311,66632	-174
312,20398	-75
312,74158	-59
313,27921	45
313,81677	-29
314,35434	-176
314,89188	-52
315,42941	-68
315,96692	-47
316,50443	-157
317,0419	-91
317,57935	37
318,11676	-108
318,65417	-131
319,19159	-15
319,72894	-44
320,26633	-171
320,80365	-33
321,34097	-150
321,87827	-165
322,41556	-43
322,95282	-189
323,49005	-132
324,02728	-184
324,56448	-119
325,10168	-102
325,63885	-74
326,17599	49
326,71313	-84
327,25024	48
327,78732	9
328,3244	-26
328,86145	-21
329,3985	-214
329,93552	-1
330,4725	-111
331,00949	-149
331,54645	-138
332,0834	-211
332,62033	15
333,15723	1
333,69409	-172
334,23099	-120
334,76782	25
335,30466	-138
335,84146	6
336,37823	-132
336,91501	-95
337,45178	-147
337,98849	-11
338,52521	-122
339,06192	-89
339,5986	-5
340,13525	-115
340,67188	-154
341,2085	-39
341,74512	-82
342,28168	-84
342,81827	-49
343,3548	-203
343,89133	-43
344,42783	-33
344,96432	-45
345,50079	-81
346,03723	-145
346,57367	-42
347,11008	-82
347,64648	-6
348,18286	-124
348,71921	35
349,25555	-101
349,79187	-171
350,32816	-156
350,86444	-80
351,4007	-155
351,93695	-23
352,47318	-305
353,00937	-138
353,54556	-153
354,08173	-126
354,61786	-169
355,15399	-12
355,69009	-46
356,2262	-149
356,76227	-75
357,29831	-79
357,83435	-121
358,37036	-80
358,90637	-143
359,44235	-40
359,9783	-144
360,51425	-72
361,05017	-70
361,58606	-11
362,12195	-23
362,65781	-117
363,19366	-131
363,72949	-148
364,26529	-81
364,80109	-38
365,33685	22
365,87259	13
366,40833	-186
366,94403	-94
367,47974	-100
368,01541	-105
368,55106	-73
369,0867	-23
369,62231	-119
370,15793	-131
370,69351	-45
371,22906	-97
371,76462	-133
372,30014	-25
372,83563	-91
373,37112	-154
373,90659	-19
374,44205	17
374,97745	25
375,51288	-106
376,04828	124
376,58365	-105
377,11899	-60
377,65433	-50
378,18964	-96
378,72495	-31
379,26022	-99
379,79547	-59
380,33072	19
380,86594	-35
381,40112	6
381,93631	-227
382,4715	-31
383,00662	-159
383,54175	-60
384,07687	-105
384,61194	-19
385,14703	-70
385,68207	-145
386,2171	-56
386,75211	-151
387,28711	-236
387,82208	-15
388,35706	76
388,89197	-158
389,42691	-133
389,96179	-150
390,49667	-146
391,03156	-101
391,56638	-197
392,1012	33
392,63602	-75
393,17081	-111
393,70557	-18
394,24033	-51
394,77505	-93
395,30975	-35
395,84445	-49
396,37912	-98
396,91379	-30
397,44843	-82
397,98303	-1
398,51764	-24
399,05222	-85
399,58676	-53
400,12131	-217
400,65582	-84
401,19034	-172
401,72482	14
402,25928	-112
402,79373	-92
403,32816	-132
403,86255	66
404,39694	-151
404,9313	26
405,46567	-170
406	-46
406,5343	-108
407,0686	-53
407,60287	-31
408,13715	-43
408,67139	-126
409,2056	54
409,73981	-174
410,27399	5
410,80814	124
411,34229	-124
411,8764	-120
412,41052	-72
412,94461	-108
413,47867	-210
414,01273	-4
414,54675	11
415,08075	-231
415,61475	-26
416,14874	-160
416,68268	-73
417,21661	-119
417,75055	19
418,28442	-15
418,8183	7
419,35217	-155
419,88602	-31
420,41983	36
420,95364	-209
421,48743	2
422,02118	-1
422,55493	-92
423,08865	-57
423,62238	-176
424,15607	-12
424,68973	-62
425,22339	-27
425,75702	-103
426,29062	-30
426,82422	-40
427,35779	-57
427,89136	-82
428,4249	-86
428,9584	-58
429,49191	-81
430,02539	-267
430,55887	-63
431,09232	-168
431,62573	-86
432,15915	-93
432,69254	-30
433,22589	-135
433,75925	-51
434,29257	-156
434,8259	-156
435,35919	-51
435,89246	-46
436,42572	-40
436,95895	-122
437,49216	-64
438,02536	-43
438,55853	-123
439,09171	-23
439,62485	12
440,15796	19
440,69107	-64
441,22415	-176
441,7572	-83
442,29025	-84
442,8233	-83
443,35629	11
443,88928	16
444,42227	-38
444,9552	-83
445,48816	-1
446,02106	-141
446,55396	-120
447,08682	-143
447,61969	-78
448,15253	-155
448,68536	-63
449,21814	-169
449,75095	20
450,28369	-40
450,81644	68
451,34918	77
451,88187	-100
452,41455	-118
452,94724	-62
453,47989	-150
454,01251	35
454,54514	-22
455,07773	-18
455,61029	-157
456,14285	-1
456,67538	-96
457,20792	80
457,74039	-27
458,27289	63
458,80533	-134
459,33777	-126
459,87021	-51
460,40262	-25
460,935	59
461,46738	-124
461,99969	82
462,53204	61
463,06436	-113
463,59665	-113
464,12891	80
464,66116	9
465,19339	-89
465,72562	55
466,25781	-15
466,78998	18
467,32214	-72
467,85428	-18
468,38641	-26
468,91852	-66
469,45059	-73
469,98267	-79
470,51471	9
471,04672	-101
471,57874	-81
472,11072	-73
472,6427	-84
473,17465	-178
473,70657	102
474,23849	-63
474,77039	-43
475,30225	-230
475,83411	-7
476,36594	-194
476,89777	-169
477,42957	-80
477,96133	35
478,4931	-61
479,02484	35
479,55658	-143
480,08829	-48
480,61996	-154
481,15164	12
481,68329	-162
482,2149	-61
482,74652	-158
483,27811	6
483,80969	106
484,34122	66
484,87277	-7
485,40427	-177
485,93579	-105
486,46725	-107
486,99872	-118
487,53015	-229
488,06158	-44
488,59299	-179
489,12436	-39
489,65573	-20
490,18707	-1
490,71838	-38
491,24969	-68
491,78101	-92
492,31226	-135
492,84351	-120
493,37476	12
493,90598	-178
494,43716	-89
494,96832	-157
495,49948	-110
496,03061	44
496,56174	-11
497,09283	-154
497,62393	-159
498,155	-93
498,68604	-180
499,21704	-24
499,74805	-75
500,27905	-78
500,81	-120
501,34097	-25
501,87189	5
502,4028	-83
502,93369	-122
503,46457	-108
503,99542	-98
504,52625	-71
505,05707	36
505,58786	-38
506,11865	-6
506,64941	-107
507,18015	-146
507,71088	-29
508,24158	-56
508,77225	-144
509,30292	-146
509,83356	-172
510,3642	-131
510,89481	-105
511,42538	-14
511,95596	-22
512,48651	44
513,01703	-19
513,54755	-56
514,07806	23
514,60852	-101
515,13898	80
515,66943	-156
516,19983	-20
516,73022	-161
517,26062	-69
517,79095	-28
518,32135	-154
518,85162	143
519,38196	-101
519,91223	-200
520,4425	-141
520,97278	75
521,50299	-80
522,0332	-90
522,56342	-29
523,09357	-93
523,62372	5
524,15387	-48
524,68396	-161
525,21405	107
525,74414	-43
526,27423	-191
526,80426	-158
527,33429	-99
527,86426	-120
528,39429	5
528,92426	-28
529,45416	-187
529,98413	-128
530,51404	-129
531,04388	-118
531,57379	0
532,10364	-154
532,63348	-34
533,16327	22
533,69305	-107
534,22284	-225
534,75262	-26
535,28235	-166
535,81207	-165
536,34174	-50
536,87146	-89
537,40112	-41
537,93073	-91
538,46039	-35
538,98999	-127
539,51959	-59
540,04913	-89
540,57867	-58
541,10822	8
541,6377	-21
542,16724	-42
542,69672	-24
543,22614	-73
543,75555	-23
544,28497	-60
544,81439	-32
545,34375	-92
545,87311	-39
546,40247	33
546,93182	-53
547,46112	-115
547,99042	-128
548,51965	-179
549,04889	-116
549,57813	-123
550,10736	83
550,63654	-133
551,16571	-171
551,69482	-48
552,224	-174
552,75311	25
553,28223	13
553,81128	-130
554,34033	-9
554,86938	14
555,39838	-126
555,92737	-25
556,45636	-34
556,98535	-71
557,51428	-48
558,04321	-111
558,57214	-146
559,10101	-199
559,62988	-30
560,15869	-29
560,68756	-138
561,21637	-46
561,74518	-257
562,27393	-54
562,80267	-122
563,33142	-73
563,86017	-193
564,38885	-168
564,91754	-188
565,44617	-170
565,97479	-203
566,50342	15
567,03204	-79
567,56061	-144
568,08917	-106
568,61774	-147
569,1463	-99
569,6748	-75
570,20325	-179
570,73175	-141
571,26019	-37
571,78864	-174
572,31708	-112
572,84546	-155
573,37384	-18
573,90216	57
574,43054	-63
574,95886	-134
575,48712	-31
576,01544	-30
576,5437	-55
577,07196	-89
577,60016	-169
578,12836	-134
578,65656	-145
579,18475	-76
579,71289	38
580,24103	-191
580,7691	-164
581,29724	-77
581,82532	-119
582,35333	4
582,88141	147
583,40942	-246
583,93738	9
584,46539	-55
584,99335	13
585,5213	-49
586,04919	-128
586,57709	38
587,10498	-65
587,63287	-75
588,16071	81
588,68854	-95
589,21637	6
589,74414	47
590,27191	-102
590,79968	108
591,32739	-103
591,8551	-109
592,38281	-20
592,91052	-175
593,43817	33
593,96582	8
594,49341	-60
595,021	-175
595,54858	62
596,07617	-60
596,6037	-56
597,13123	-117
597,65875	-63
598,18622	-208
598,71368	-29
599,24115	-110
599,76855	-99
600,29602	-48
600,82336	-108
601,35077	-124
601,87811	5
602,40546	-166
602,9328	-9
603,46008	-110
603,98737	-65
604,51465	-78
605,04187	-143
605,56909	-57
606,09631	-109
606,62347	-41
607,15063	21
607,6778	-101
608,2049	-126
608,73206	-13
609,25916	-34
609,78619	-2
610,31323	20
610,84027	-78
611,36731	-94
611,89429	-76
612,42126	64
612,94824	0
613,47516	1
614,00208	-116
614,52899	-41
615,05591	-29
615,58276	-33
616,10962	-217
616,63641	-120
617,16321	-36
617,69	-113
618,2168	-81
618,74353	-39
619,27026	-11
619,797	-101
620,32367	46
620,85034	-66
621,37701	-98
621,90369	22
622,4303	-39
622,95685	-102
623,48346	-37
624,01001	74
624,53656	-134
625,06311	-33
625,5896	-102
626,11609	-94
626,64258	-151
627,16901	2
627,69543	-116
628,22186	-69
628,74823	-70
629,2746	-12
629,80096	-111
630,32727	2
630,85364	-9
631,37988	-41
631,90619	-58
632,43243	-92
632,95868	-16
633,48492	60
634,01111	-94
634,53729	-30
635,06348	-91
635,5896	150
636,11572	-12
636,64185	-73
637,16791	-23
637,69403	39
638,22003	-24
638,74609	-119
639,27209	-23
639,7981	41
640,3241	-56
640,85004	-12
641,37598	-108
641,90192	49
642,4278	9
642,95367	-116
643,47955	-148
644,00537	-88
644,53119	-89
645,05701	-174
645,58282	-46
646,10858	-192
646,63434	-37
647,16003	35
647,68573	-42
648,21143	137
648,73712	19
649,26276	-131
649,78839	29
650,31403	-153
650,83966	114
651,36523	27
651,89075	-69
652,41632	160
652,94183	77
653,46735	23
653,9928	34
654,51831	-2
655,04376	63
655,56915	-31
656,09454	170
656,61993	196
657,14532	223
657,67072	187
658,19604	273
658,72131	267
659,24664	303
659,77191	315
660,29718	354
660,82239	324
661,3476	496
661,8728	475
662,39801	548
662,92316	633
663,4483	681
663,97345	726
664,49854	919
665,02362	954
665,54871	1195
666,07373	1197
666,59875	1198
667,12378	1465
667,6488	1668
668,17377	1687
668,69873	1973
669,22363	2228
669,7486	2330
670,2735	2603
670,79834	2879
671,32324	3197
671,84808	3595
672,37286	3952
672,89771	4275
673,42249	4623
673,9472	5125
674,47198	5866
674,9967	6493
675,52142	7258
676,04608	8162
676,5708	9040
677,09546	10206
677,62006	11330
678,14471	12592
678,66925	14156
679,19385	17032
679,71844	17502
680,24298	19402
680,76746	21651
681,29199	23965
681,81647	26446
682,34094	28878
682,86536	32016
683,38977	35484
683,91418	39269
684,4386	42953
684,96295	46855
685,4873	51576
686,01166	56431
686,53595	61298
687,06024	66314
687,58453	71377
688,10876	76436
688,633	81657
689,15723	87747
689,68146	93086
690,20563	99260
690,7298	105012
691,25391	110895
691,77802	114279
692,30212	118525
692,82623	122046
693,35028	126451
693,87433	129741
694,39838	132535
694,92236	135218
695,44635	136354
695,97034	137162
696,49432	139306
697,01825	140177
697,54218	137982
698,06604	134827
698,5899	133983
699,11377	132870
699,63763	129637
700,16144	125838
700,68524	123359
701,20905	119140
701,73279	114298
702,25653	109954
702,78027	105296
703,30396	100451
703,82764	95385
704,35132	90403
704,875	84654
705,39862	80036
705,92224	75198
706,4458	70605
706,96942	65972
707,49298	61020
708,01648	56440
708,54004	52116
709,06354	48012
709,58698	44504
710,11047	40677
710,63391	37307
711,15735	34182
711,68073	31053
712,2041	28458
712,72748	25942
713,25085	23293
713,77417	21319
714,29749	19250
714,82074	17458
715,34406	15837
715,86731	14303
716,3905	12787
716,91376	11337
717,43695	10168
717,96008	9063
718,48328	8201
719,00641	7292
719,52954	6518
720,05261	5672
720,57574	5234
721,09882	4575
721,62183	4093
722,14484	3671
722,66785	3272
723,19086	2980
723,71381	2579
724,23676	2305
724,7597	2062
725,28265	1929
725,80554	1649
726,32837	1588
726,85126	1341
727,37408	1273
727,89691	1053
728,41968	948
728,9425	881
729,46527	736
729,98798	761
730,51074	737
731,03345	682
731,55609	644
732,0788	546
732,60144	518
733,12408	495
733,64667	346
734,16925	485
734,69183	341
735,21442	256
735,73694	413
736,25946	302
736,78192	310
737,30444	176
737,8269	276
738,3493	201
738,87177	148
739,39417	132
739,9165	202
740,4389	129
740,96124	105
741,48358	100
742,00586	186
742,52814	113
743,05042	133
743,57269	95
744,09491	96
744,61713	163
745,13934	167
745,6615	-90
746,18365	-87
746,70581	87
747,22791	-90
747,75	6
748,27209	12
748,79419	23
749,31622	21
749,83826	72
750,36023	-57
750,8822	50
751,40417	-10
751,92615	44
752,44806	-49
752,96997	-53
753,49188	-56
754,01373	-39
754,53558	-47
755,05743	-131
755,57928	-51
756,10107	53
756,62286	-7
757,14459	-63
757,66632	64
758,18805	-208
758,70978	-73
759,23145	-156
759,75311	-119
760,27478	14
760,79639	50
761,31799	-5
761,8396	-144
762,36115	42
762,88269	-26
763,40424	-47
763,92578	31
764,44727	-101
764,96875	-91
765,49017	-42
766,01166	34
766,53308	-41
767,05444	-6
767,57587	20
768,09723	29
768,61853	-6
769,13989	21
769,66119	-24
770,1825	32
770,70374	-185
771,22498	17
771,74622	-76
772,26746	-60
772,78864	-26
773,30981	-44
773,83093	-63
774,35211	-132
774,87323	-40
775,39429	-19
775,91541	-22
776,43646	1
776,95746	70
777,47852	-40
777,99951	-147
778,52051	-61
779,04144	36
779,56244	-40
780,08331	38
780,60425	-94
781,12512	-20
781,646	108
782,16687	-72
782,68768	-29
783,2085	-30
783,72931	-7
784,25006	-2
784,77087	5
785,29156	26
785,81232	-182
786,33301	68
786,8537	-87
787,37433	-257
787,89502	71
788,41565	-155
788,93622	-110
789,45685	-96
789,97742	88
790,49792	-80
791,01849	-92
791,539	-18
792,05945	-7
792,57996	-30
793,1004	-7
793,62085	-186
794,14124	-195
794,66168	-156
795,18207	33
795,70239	-63
796,22272	-30
796,74304	24
797,26337	-69
797,78363	-132
798,30396	-163
798,82416	-201
799,34442	34
799,86462	-102
800,38483	-112
800,90497	-131
801,42511	8
801,94525	-13
802,46539	-65
802,98547	-125
803,50555	-80
804,02563	70
804,54565	-176
805,06567	0
805,58569	-50
806,10565	-141
806,62561	93
807,14557	-51
807,66553	108
808,18542	-294
808,70532	-66
809,22516	-51
809,745	-160
810,26483	-121
810,78467	-111
811,30444	10
811,82422	-103
812,34399	-162
812,86371	64
813,38342	-97
813,90314	-82
814,42279	-112
814,9425	-68
815,4621	-42
815,98175	-92
816,50134	-55
817,02094	-102
817,54053	-15
818,06006	16
818,57959	-177
819,09912	-38
819,61859	-119
820,13806	-206
820,65753	-45
821,17694	-173
821,69635	-29
822,21576	-70
822,73517	31
823,25452	-44
823,77386	-19
824,29315	69
824,81244	77
825,33173	-101
825,85101	-62
826,37024	-92
826,88947	-198
827,40869	-211
827,92786	-99
828,44708	23
828,96619	-115
829,48535	-126
830,00446	-10
830,52356	-42
831,0426	-189
831,56171	-83
832,08069	-70
832,59973	-17
833,11871	-129
833,6377	-95
834,15668	-20
834,6756	-123
835,19452	54
835,71344	-173
836,23236	-104
836,75122	-102
837,27008	-126
837,78888	-72
838,30768	16
838,82648	-149
839,34528	-147
839,86401	69
840,38275	40
840,90149	-135
841,42017	-139
841,93884	-45
842,45752	-9
842,97614	-131
843,49475	-112
844,01337	89
844,53198	-38
845,05054	-101
845,56909	-104
846,08759	-108
846,60608	-146
847,12457	-95
847,64307	-17
848,1615	60
848,67993	-47
849,19836	25
849,71674	-141
850,23511	-10
850,75348	-6
851,27185	-85
851,79016	-51
852,30847	-192
852,82672	61
853,34497	-75
853,86322	73
854,38147	-247
854,89966	-126
855,41785	-50
855,93604	0
856,45416	-76
856,97229	-192
857,49042	-176
858,00848	3
858,52661	-22
859,04462	-118
859,56268	31
860,08069	-22
860,59869	-30
861,11664	26
861,63464	136
862,15259	-130
862,67047	-102
863,18842	-163
863,7063	-166
864,22412	-72
864,742	-51
865,25983	-111
865,77765	-160
866,29541	-41
866,81317	-77
867,33093	-159
867,84869	-143
868,36639	-104
868,88409	-99
869,40179	-101
869,91943	-6
870,43707	-203
870,95471	-47
871,47229	-183
871,98987	-40
872,50745	-82
873,02496	-105
873,54248	-173
874,06	-101
874,57751	-122
875,09497	-107
875,61243	-119
876,12982	-208
876,64728	-174
877,16467	-165
877,68201	-60
878,1994	-79
878,71674	-126
879,23401	-78
879,75134	111
880,26862	-98
880,78589	-42
881,3031	-134
881,82031	-12
882,33752	-81
882,85474	-13
883,37189	-54
883,88904	-6
884,40619	-71
884,92328	-5
885,44037	-50
885,95746	-10
886,47449	-82
886,99152	-32
887,50854	-60
888,02551	-52
888,54254	-89
889,05945	-22
889,57642	2
890,09332	-168
890,61023	-94
891,12714	-73
891,64398	-98
892,16083	-50
892,67767	-72
893,19446	-50
893,71124	-167
894,22803	-187
894,74475	-93
895,26147	-52
895,7782	-121
896,29492	-20
896,81158	40
897,32825	-45
897,84485	-106
898,36151	6
898,87811	-90
899,39465	-62
899,91125	-72
900,4278	-79
900,94427	-51
901,46082	-61
901,97729	-146
902,49377	-35
903,01019	-71
903,52661	-180
904,04303	23
904,55945	-13
905,07581	-141
905,59216	-65
906,10852	-110
906,62482	-42
907,14111	-111
907,65741	-152
908,17365	6
908,68988	-74
909,20612	-112
909,72229	-129
910,23846	-89
910,75464	8
911,27081	-278
911,78693	-90
912,30304	-58
912,81909	-186
913,33521	-133
913,85126	4
914,36725	-114
914,8833	28
915,39929	-117
915,91528	27
916,43121	16
916,94714	-148
917,46307	-109
917,97894	-49
918,49487	-118
919,01068	-156
919,52655	-114
920,04236	-128
920,55817	-54
921,07397	-82
921,58972	-120
922,10547	-107
922,62122	74
923,1369	38
923,65259	-137
924,16827	42
924,68396	1
925,19958	-141
925,71521	3
926,23077	-50
926,74634	-109
927,2619	-84
927,77747	58
928,29297	-72
928,80847	10
929,32397	-69
929,83942	-62
930,35486	25
930,8703	10
931,38574	35
931,90112	-69
932,4165	-56
932,93182	-207
933,44714	-101
933,96246	-66
934,47778	-43
934,99304	-83
935,5083	-113
936,02356	-167
936,53876	-124
937,05396	-68
937,56915	-99
938,08429	-88
938,59943	139
939,11456	15
939,6297	-169
940,14478	-132
940,65985	-81
941,17487	-88
941,68988	-60
942,2049	-55
942,71991	-123
943,23486	-69
943,74982	-21
944,26477	-182
944,77966	-238
945,29462	53
945,80945	-43
946,32434	-185
946,83917	-148
947,354	-9
947,86877	-15
948,38361	-18
948,89832	-37
949,41309	4
949,9278	-103
950,4425	-161
950,95721	-74
951,47186	-81
951,98651	-134
952,50116	-113
953,01581	-6
953,5304	-74
954,04498	-129
954,55951	-89
955,07404	-25
955,58856	-28
956,10309	63
956,61755	-99
957,13202	-52
957,64648	-119
958,16089	-110
958,67529	23
959,1897	-88
959,70404	-34
960,21838	-197
960,73273	13
961,24701	-107
961,76135	-15
962,27563	-42
962,78986	-119
963,30408	44
963,8183	-93
964,33252	-55
964,84668	-75
965,36084	-47
965,875	-142
966,3891	-63
966,9032	-37
967,4173	2
967,9314	-174
968,44543	-86
968,95947	-165
969,47345	-137
969,98743	13
970,5014	-59
971,01538	-12
971,5293	-143
972,04321	2
972,55713	-59
973,07098	-114
973,58484	-87
974,09869	-71
974,61249	-11
975,12628	-35
975,64008	1
976,15387	-108
976,6676	-103
977,18134	39
977,69501	-69
978,20874	-72
978,72241	32
979,23602	-109
979,74969	-104
980,26331	-51
980,77686	-31
981,29047	-109
981,80402	-73
982,31757	-188
982,83105	-192
983,34454	-128
983,85803	2
984,37152	-86
984,88495	-17
985,39838	-113
985,91174	-43
986,42517	-149
986,93854	5
987,45184	89
987,96521	-60
988,47852	-92
988,99176	-65
989,50507	-65
990,01831	78
990,53156	16
991,04474	-21
991,55798	-75
992,07111	-72
992,58429	-14
993,09741	-4
993,61053	-163
994,12366	-71
994,63672	-83
995,14978	-163
995,66284	27
996,17584	48
996,6889	-79
997,20184	0
997,71484	-200
998,22778	24
998,74072	-87
999,2536	55
999,76654	-17
1000,2794	55
1000,7922	14
1001,3051	21
1001,8179	-35
1002,3307	66
1002,8435	-58
1003,3563	-75
1003,869	-104
1004,3817	-78
1004,8944	147
1005,4071	-200
1005,9198	-106
1006,4324	-52
1006,9451	-176
1007,4576	-39
1007,9703	-93
1008,4828	-78
1008,9954	69
1009,5079	-62
1010,0204	71
1010,5329	-113
1011,0454	-79
1011,5579	-39
1012,0703	-44
1012,5827	-112
1013,0952	-170
1013,6075	-60
1014,1199	-26
1014,6322	-25
1015,1445	-78
1015,6569	-94
1016,1691	-14
1016,6814	-135
1017,1937	-68
1017,7059	-153
1018,2181	-208
1018,7303	41
1019,2425	-37
1019,7546	-96
1020,2668	-78
1020,7789	-87
1021,291	44
1021,803	-42
1022,3151	-117
1022,8271	-178
1023,3392	-74
1023,8512	-48
1024,3632	-48
1024,8751	-151
1025,3871	-1
1025,899	89
1026,4109	38
1026,9229	15
1027,4347	-144
1027,9465	37
1028,4584	-193
1028,9702	5
1029,4821	-67
1029,9938	-63
1030,5055	64
1031,0173	-41
1031,5291	-9
1032,0406	35
1032,5524	-148
1033,0641	-115
1033,5757	-73
1034,0873	-101
1034,599	-49
1035,1105	-55
1035,6221	-103
1036,1337	-88
1036,6451	-84
1037,1567	-165
1037,6682	-23
1038,1797	-89
1038,6912	-106
1039,2025	-156
1039,714	-230
1040,2253	-124
1040,7368	-98
1041,2482	-63
1041,7595	-80
1042,2708	-87
1042,7821	-7
1043,2933	-39
1043,8047	28
1044,3159	24
1044,8271	-51
1045,3384	-13
1045,8495	25
1046,3607	70
1046,8718	-61
1047,3831	-17
1047,8942	-168
1048,4052	19
1048,9163	125
1049,4274	-19
1049,9384	-130
1050,4495	-9
1050,9604	-45
1051,4714	-18
1051,9824	-66
1052,4933	-97
1053,0043	159
1053,5151	46
1054,026	45
1054,5369	-178
1055,0477	-23
1055,5586	-141
1056,0695	-33
1056,5802	-34
1057,0909	-126
1057,6017	1
1058,1124	-5
1058,6232	79
1059,1339	35
1059,6445	-58
1060,1553	-155
1060,6659	-44
1061,1765	-114
1061,6871	31
1062,1978	53
1062,7083	141
1063,2189	-36
1063,7294	-96
1064,2399	-115
1064,7504	26
1065,2609	0
1065,7712	-27
1066,2817	42
1066,7921	89
1067,3025	21
1067,8129	-27
1068,3232	42
1068,8336	45
1069,344	-139
1069,8542	-113
1070,3645	-10
1070,8748	9
1071,385	-125
1071,8953	66
1072,4055	-34
1072,9156	-81
1073,4258	78
1073,936	-60
1074,4462	-35
1074,9562	36
1075,4663	-197
1075,9764	3
1076,4865	-23
1076,9965	-51
1077,5065	-87
1078,0165	-109
1078,5265	-107
1079,0365	-133
1079,5464	-126
1080,0564	-16
1080,5663	-40
1081,0762	-100
1081,5861	44
1082,0958	-112
1082,6057	-37
1083,1155	17
1083,6252	3
1084,135	-154
1084,6448	21
1085,1545	61
1085,6643	-132
1086,174	-7
1086,6836	-85
1087,1934	-125
1087,703	115
1088,2125	-16
1088,7222	-91
1089,2318	-44
1089,7413	-45
1090,2509	-107
1090,7604	-3
1091,2699	-66
1091,7794	-111
1092,2888	-199
1092,7983	-72
1093,3077	-126
1093,8171	-62
1094,3265	-20
1094,8359	48
1095,3453	63
1095,8546	0
1096,364	-41
1096,8733	-28
1097,3826	-16
1097,8918	-33
1098,4011	32
1098,9103	-117
1099,4196	34
1099,9287	148
1100,4379	13
