Date and Time:                Tue Mar 25 13:10:39.853 2025
Software Version:             4.32.30137.0
Unstabilized Temperature (C): 22,646
Model:                        DU970P_BVF
Data Type:                    Counts (Bg Corrected)
Acquisition Mode:             Accumulate
Trigger Mode:                 Internal
Exposure Time (secs):         1
Accumulate Cycle Time (secs): 1
Frequency (Hz):               1
Number of Accumulations:      10
Readout Mode:                 Full Vertical Binning
Horizontal binning:           1
Shutter Mode:                 Permanently OPEN
TTL level:                    High
Time to open:                 27 ms
Time to close:                27 ms
Extended Data Range:          off
Horizontally flipped:         false
Vertical Shift Speed (usecs): 9,68
Pixel Readout Rate (MHz):     0,05
Baseline Clamp:               ON
Clock Amplitude:              Normal
Output Amplifier:             Electron Multiplying
EM DAC level:                 0
Serial Number:                CCD-28289
Pre-Amplifier Gain:           1x
Spurious Noise Filter Mode:   No Filter
Photon counted:               false
Data Averaging Filter Mode:   No Filter
KY193i:
Serial Number:                KY-3589
Wavelength (nm):              711,54
Grating Groove Density (l/mm):150
Grating Blaze:                500nm
Output Flipper Port:          Direct



262,12247	40
262,66187	155
263,2012	-156
263,74057	-136
264,27988	-156
264,81918	87
265,35846	-44
265,89774	-239
266,43698	-219
266,97623	115
267,51544	64
268,05463	-108
268,59378	109
269,13293	-230
269,67209	-10
270,21118	-116
270,75031	-103
271,28937	-142
271,82843	-49
272,36746	71
272,90649	32
273,4455	6
273,98447	-42
274,52344	-87
275,06238	165
275,60132	-175
276,14023	-166
276,67911	-171
277,21799	-26
277,75684	-79
278,29565	-3
278,83447	-6
279,37326	-34
279,91205	-32
280,45081	-187
280,98953	-43
281,52826	-208
282,06696	-249
282,60565	-111
283,14429	-255
283,68295	-150
284,22156	-151
284,76016	-184
285,29877	-56
285,83731	-128
286,37589	-126
286,9144	-279
287,45291	85
287,99139	3
288,52988	-100
289,06833	-224
289,60678	-7
290,14517	-46
290,68359	-113
291,22195	-85
291,76031	-46
292,29865	-164
292,83698	-24
293,37527	-69
293,91357	51
294,45184	-87
294,99008	-85
295,52832	-61
296,06653	-115
296,60471	-149
297,14288	56
297,68103	-213
298,21915	-55
298,75726	-277
299,29538	-4
299,83344	-71
300,37149	-62
300,90955	31
301,44754	-136
301,98557	-56
302,52353	108
303,06149	-97
303,59946	-167
304,13736	-135
304,67526	-161
305,21317	-92
305,75104	-58
306,28888	-98
306,82672	69
307,36453	-128
307,90231	-153
308,44009	-135
308,97784	-41
309,51556	-136
310,05328	-53
310,591	-62
311,12866	43
311,66632	-23
312,20398	-79
312,74158	-107
313,27921	-46
313,81677	-244
314,35434	-85
314,89188	-83
315,42941	-137
315,96692	-108
316,50443	-97
317,0419	-64
317,57935	-8
318,11676	-191
318,65417	-29
319,19159	-171
319,72894	-199
320,26633	-116
320,80365	-44
321,34097	-142
321,87827	82
322,41556	-206
322,95282	-120
323,49005	-189
324,02728	36
324,56448	-133
325,10168	-181
325,63885	-45
326,17599	98
326,71313	-156
327,25024	-86
327,78732	-37
328,3244	-45
328,86145	-49
329,3985	-43
329,93552	-15
330,4725	1
331,00949	1
331,54645	-154
332,0834	-151
332,62033	89
333,15723	-186
333,69409	-104
334,23099	-135
334,76782	70
335,30466	-95
335,84146	-157
336,37823	-81
336,91501	17
337,45178	-68
337,98849	-133
338,52521	63
339,06192	-70
339,5986	-22
340,13525	-39
340,67188	-195
341,2085	-133
341,74512	-145
342,28168	-73
342,81827	53
343,3548	-239
343,89133	-54
344,42783	-21
344,96432	-99
345,50079	-17
346,03723	-122
346,57367	-66
347,11008	-160
347,64648	28
348,18286	4
348,71921	-80
349,25555	6
349,79187	-19
350,32816	-153
350,86444	-67
351,4007	-4
351,93695	-41
352,47318	62
353,00937	35
353,54556	8
354,08173	-50
354,61786	8
355,15399	-12
355,69009	-8
356,2262	-38
356,76227	-52
357,29831	2
357,83435	-66
358,37036	-41
358,90637	-61
359,44235	-91
359,9783	-129
360,51425	-146
361,05017	-25
361,58606	-206
362,12195	-29
362,65781	-173
363,19366	-161
363,72949	-38
364,26529	86
364,80109	-132
365,33685	-74
365,87259	-150
366,40833	-66
366,94403	-98
367,47974	-24
368,01541	-192
368,55106	-34
369,0867	-106
369,62231	-75
370,15793	-101
370,69351	-82
371,22906	-5
371,76462	-19
372,30014	-176
372,83563	-8
373,37112	-87
373,90659	-28
374,44205	-19
374,97745	42
375,51288	-2
376,04828	-178
376,58365	23
377,11899	-131
377,65433	19
378,18964	-11
378,72495	-87
379,26022	92
379,79547	-328
380,33072	161
380,86594	-220
381,40112	-52
381,93631	-208
382,4715	-33
383,00662	12
383,54175	-2
384,07687	-80
384,61194	-77
385,14703	-47
385,68207	-59
386,2171	-5
386,75211	-52
387,28711	-35
387,82208	-55
388,35706	-163
388,89197	-64
389,42691	-47
389,96179	-29
390,49667	-58
391,03156	-241
391,56638	-138
392,1012	-143
392,63602	-146
393,17081	-67
393,70557	-140
394,24033	-103
394,77505	-156
395,30975	-88
395,84445	3
396,37912	-72
396,91379	124
397,44843	-33
397,98303	3
398,51764	-47
399,05222	-132
399,58676	-12
400,12131	-219
400,65582	-38
401,19034	-94
401,72482	-4
402,25928	-112
402,79373	-280
403,32816	-21
403,86255	-49
404,39694	-95
404,9313	-49
405,46567	-160
406	-129
406,5343	71
407,0686	-30
407,60287	-32
408,13715	-104
408,67139	-25
409,2056	-62
409,73981	-49
410,27399	-232
410,80814	19
411,34229	-152
411,8764	-66
412,41052	-11
412,94461	-79
413,47867	-115
414,01273	-147
414,54675	-101
415,08075	-227
415,61475	-69
416,14874	-69
416,68268	-6
417,21661	-60
417,75055	-65
418,28442	-60
418,8183	34
419,35217	-170
419,88602	28
420,41983	-78
420,95364	-174
421,48743	-190
422,02118	-99
422,55493	-51
423,08865	53
423,62238	-173
424,15607	45
424,68973	25
425,22339	-110
425,75702	-98
426,29062	-219
426,82422	59
427,35779	-215
427,89136	-161
428,4249	-11
428,9584	-98
429,49191	-169
430,02539	-93
430,55887	-143
431,09232	-215
431,62573	8
432,15915	-106
432,69254	-62
433,22589	-63
433,75925	-78
434,29257	-92
434,8259	-121
435,35919	-72
435,89246	-21
436,42572	-154
436,95895	-109
437,49216	-117
438,02536	6
438,55853	-101
439,09171	-190
439,62485	-39
440,15796	-18
440,69107	32
441,22415	-100
441,7572	-123
442,29025	-260
442,8233	-105
443,35629	-139
443,88928	-77
444,42227	81
444,9552	-92
445,48816	-77
446,02106	-109
446,55396	-145
447,08682	0
447,61969	-61
448,15253	-66
448,68536	-169
449,21814	-133
449,75095	-6
450,28369	-52
450,81644	37
451,34918	-58
451,88187	29
452,41455	-144
452,94724	-69
453,47989	-101
454,01251	-150
454,54514	-100
455,07773	-220
455,61029	-151
456,14285	-101
456,67538	-98
457,20792	-95
457,74039	-86
458,27289	23
458,80533	7
459,33777	-223
459,87021	-57
460,40262	-10
460,935	-156
461,46738	-39
461,99969	-54
462,53204	-6
463,06436	-6
463,59665	76
464,12891	-293
464,66116	-198
465,19339	-49
465,72562	3
466,25781	-169
466,78998	-77
467,32214	4
467,85428	-173
468,38641	-155
468,91852	-206
469,45059	-57
469,98267	-15
470,51471	-128
471,04672	-80
471,57874	-161
472,11072	-101
472,6427	-58
473,17465	-19
473,70657	-42
474,23849	-172
474,77039	-150
475,30225	-109
475,83411	-90
476,36594	-130
476,89777	-44
477,42957	-54
477,96133	-151
478,4931	-29
479,02484	-126
479,55658	-200
480,08829	5
480,61996	7
481,15164	-126
481,68329	-61
482,2149	-106
482,74652	-96
483,27811	-135
483,80969	-119
484,34122	-21
484,87277	-83
485,40427	-90
485,93579	-219
486,46725	-42
486,99872	91
487,53015	-52
488,06158	-37
488,59299	-106
489,12436	19
489,65573	-125
490,18707	-287
490,71838	45
491,24969	-42
491,78101	-14
492,31226	-82
492,84351	-178
493,37476	-238
493,90598	-48
494,43716	-63
494,96832	-53
495,49948	64
496,03061	-180
496,56174	-34
497,09283	-27
497,62393	-72
498,155	-162
498,68604	-27
499,21704	14
499,74805	-85
500,27905	-172
500,81	-221
501,34097	-182
501,87189	-88
502,4028	-87
502,93369	-7
503,46457	-119
503,99542	-33
504,52625	-139
505,05707	-222
505,58786	-157
506,11865	-73
506,64941	-260
507,18015	11
507,71088	-100
508,24158	51
508,77225	-45
509,30292	-172
509,83356	-42
510,3642	-201
510,89481	-58
511,42538	-118
511,95596	85
512,48651	-24
513,01703	-114
513,54755	-75
514,07806	-150
514,60852	-21
515,13898	-130
515,66943	-112
516,19983	-44
516,73022	-3
517,26062	17
517,79095	4
518,32135	-67
518,85162	-115
519,38196	6
519,91223	-21
520,4425	-72
520,97278	-89
521,50299	-29
522,0332	-68
522,56342	-29
523,09357	-73
523,62372	-210
524,15387	-191
524,68396	-4
525,21405	-63
525,74414	-73
526,27423	-22
526,80426	-31
527,33429	-45
527,86426	-170
528,39429	-82
528,92426	-177
529,45416	-235
529,98413	1
530,51404	-183
531,04388	-47
531,57379	10
532,10364	-1
532,63348	-92
533,16327	1
533,69305	-75
534,22284	-144
534,75262	36
535,28235	-2
535,81207	-148
536,34174	10
536,87146	-114
537,40112	-136
537,93073	-146
538,46039	-19
538,98999	-174
539,51959	-171
540,04913	-83
540,57867	-208
541,10822	124
541,6377	-147
542,16724	66
542,69672	-199
543,22614	-51
543,75555	-14
544,28497	-27
544,81439	-70
545,34375	-40
545,87311	-76
546,40247	-116
546,93182	-3
547,46112	-132
547,99042	-164
548,51965	-24
549,04889	-115
549,57813	-71
550,10736	-13
550,63654	-30
551,16571	12
551,69482	-101
552,224	-22
552,75311	-63
553,28223	-94
553,81128	61
554,34033	-100
554,86938	-159
555,39838	-122
555,92737	-74
556,45636	10
556,98535	-177
557,51428	23
558,04321	-47
558,57214	-163
559,10101	-158
559,62988	14
560,15869	-235
560,68756	-174
561,21637	-56
561,74518	-146
562,27393	-122
562,80267	39
563,33142	-186
563,86017	-62
564,38885	-240
564,91754	-156
565,44617	-190
565,97479	-25
566,50342	50
567,03204	-167
567,56061	82
568,08917	50
568,61774	-32
569,1463	-88
569,6748	-56
570,20325	-109
570,73175	-39
571,26019	-110
571,78864	-36
572,31708	31
572,84546	-92
573,37384	2
573,90216	-83
574,43054	60
574,95886	-34
575,48712	-142
576,01544	-113
576,5437	-146
577,07196	4
577,60016	-34
578,12836	-62
578,65656	-86
579,18475	-175
579,71289	-38
580,24103	-205
580,7691	-88
581,29724	-97
581,82532	-175
582,35333	-110
582,88141	42
583,40942	-77
583,93738	-79
584,46539	34
584,99335	-52
585,5213	-116
586,04919	-169
586,57709	-50
587,10498	-74
587,63287	-137
588,16071	3
588,68854	-106
589,21637	-113
589,74414	-219
590,27191	-106
590,79968	-189
591,32739	-84
591,8551	-80
592,38281	50
592,91052	-35
593,43817	-108
593,96582	-19
594,49341	-120
595,021	-80
595,54858	64
596,07617	84
596,6037	-44
597,13123	2
597,65875	-3
598,18622	-85
598,71368	-67
599,24115	-156
599,76855	-114
600,29602	-125
600,82336	52
601,35077	-69
601,87811	-54
602,40546	-56
602,9328	-38
603,46008	-33
603,98737	-13
604,51465	-170
605,04187	-125
605,56909	-3
606,09631	-84
606,62347	-86
607,15063	51
607,6778	-146
608,2049	-4
608,73206	-55
609,25916	-90
609,78619	-40
610,31323	-30
610,84027	11
611,36731	-53
611,89429	19
612,42126	-104
612,94824	-72
613,47516	-103
614,00208	-48
614,52899	20
615,05591	13
615,58276	-132
616,10962	-143
616,63641	-10
617,16321	-183
617,69	-117
618,2168	-66
618,74353	75
619,27026	-22
619,797	-35
620,32367	-166
620,85034	-79
621,37701	-40
621,90369	23
622,4303	-89
622,95685	-3
623,48346	-100
624,01001	-4
624,53656	-80
625,06311	-135
625,5896	-74
626,11609	46
626,64258	10
627,16901	-124
627,69543	63
628,22186	-14
628,74823	-150
629,2746	32
629,80096	-98
630,32727	-24
630,85364	-65
631,37988	-55
631,90619	-35
632,43243	-57
632,95868	-152
633,48492	83
634,01111	-41
634,53729	-58
635,06348	74
635,5896	-175
636,11572	-157
636,64185	-4
637,16791	-5
637,69403	-68
638,22003	-19
638,74609	-22
639,27209	-133
639,7981	29
640,3241	60
640,85004	-63
641,37598	-56
641,90192	-28
642,4278	57
642,95367	10
643,47955	-46
644,00537	-12
644,53119	50
645,05701	-34
645,58282	-45
646,10858	75
646,63434	91
647,16003	-100
647,68573	-48
648,21143	3
648,73712	-47
649,26276	-47
649,78839	-117
650,31403	22
650,83966	20
651,36523	5
651,89075	-92
652,41632	54
652,94183	-9
653,46735	69
653,9928	17
654,51831	86
655,04376	116
655,56915	88
656,09454	23
656,61993	167
657,14532	272
657,67072	23
658,19604	316
658,72131	124
659,24664	241
659,77191	285
660,29718	397
660,82239	38
661,3476	442
661,8728	501
662,39801	475
662,92316	544
663,4483	521
663,97345	673
664,49854	715
665,02362	876
665,54871	1019
666,07373	985
666,59875	1336
667,12378	1258
667,6488	1380
668,17377	1585
668,69873	1783
669,22363	2007
669,7486	2095
670,2735	2300
670,79834	2634
671,32324	2885
671,84808	3135
672,37286	3279
672,89771	3613
673,42249	3811
673,9472	4346
674,47198	4833
674,9967	5189
675,52142	5576
676,04608	6133
676,5708	6789
677,09546	7494
677,62006	8342
678,14471	9245
678,66925	10138
679,19385	11264
679,71844	12516
680,24298	13930
680,76746	15507
681,29199	17300
681,81647	19274
682,34094	21324
682,86536	23534
683,38977	25917
683,91418	28521
684,4386	31706
684,96295	35436
685,4873	38432
686,01166	41730
686,53595	45623
687,06024	49522
687,58453	53732
688,10876	57799
688,633	62942
689,15723	68779
689,68146	73185
690,20563	79659
690,7298	86212
691,25391	91724
691,77802	95865
692,30212	101932
692,82623	109206
693,35028	113801
693,87433	119428
694,39838	123978
694,92236	127781
695,44635	131314
695,97034	135876
696,49432	140489
697,01825	144008
697,54218	145075
698,06604	147951
698,5899	149692
699,11377	149836
699,63763	148202
700,16144	146442
700,68524	144745
701,20905	142838
701,73279	141605
702,25653	138161
702,78027	133104
703,30396	128906
703,82764	124986
704,35132	118750
704,875	113646
705,39862	107589
705,92224	101952
706,4458	96252
706,96942	89959
707,49298	84618
708,01648	79534
708,54004	74125
709,06354	68795
709,58698	63530
710,11047	57916
710,63391	52549
711,15735	48130
711,68073	44319
712,2041	40125
712,72748	36592
713,25085	33145
713,77417	29741
714,29749	26752
714,82074	23747
715,34406	21360
715,86731	18999
716,3905	17067
716,91376	15188
717,43695	13152
717,96008	11747
718,48328	10348
719,00641	9249
719,52954	8169
720,05261	7172
720,57574	6339
721,09882	5522
721,62183	4724
722,14484	4404
722,66785	3732
723,19086	3470
723,71381	2868
724,23676	2790
724,7597	2493
725,28265	2122
725,80554	1888
726,32837	1712
726,85126	1541
727,37408	1539
727,89691	1226
728,41968	1216
728,9425	933
729,46527	1011
729,98798	997
730,51074	944
731,03345	982
731,55609	765
732,0788	553
732,60144	611
733,12408	702
733,64667	570
734,16925	663
734,69183	530
735,21442	530
735,73694	254
736,25946	255
736,78192	293
737,30444	341
737,8269	826
738,3493	320
738,87177	377
739,39417	98
739,9165	286
740,4389	325
740,96124	247
741,48358	214
742,00586	278
742,52814	189
743,05042	-16
743,57269	136
744,09491	180
744,61713	4
745,13934	-1
745,6615	102
746,18365	76
746,70581	96
747,22791	25
747,75	34
748,27209	70
748,79419	15
749,31622	38
749,83826	-31
750,36023	-33
750,8822	-47
751,40417	-61
751,92615	68
752,44806	65
752,96997	-17
753,49188	18
754,01373	-18
754,53558	-79
755,05743	20
755,57928	58
756,10107	86
756,62286	-34
757,14459	36
757,66632	-8
758,18805	59
758,70978	-120
759,23145	-88
759,75311	-110
760,27478	-88
760,79639	-120
761,31799	-35
761,8396	-83
762,36115	-127
762,88269	3
763,40424	-64
763,92578	-2
764,44727	66
764,96875	29
765,49017	-2
766,01166	-78
766,53308	-68
767,05444	36
767,57587	-22
768,09723	-124
768,61853	-65
769,13989	-130
769,66119	-63
770,1825	-96
770,70374	-64
771,22498	-86
771,74622	-46
772,26746	-34
772,78864	-38
773,30981	-59
773,83093	-129
774,35211	-104
774,87323	3
775,39429	-70
775,91541	115
776,43646	-187
776,95746	-56
777,47852	-136
777,99951	-53
778,52051	-46
779,04144	-36
779,56244	-36
780,08331	-102
780,60425	55
781,12512	-38
781,646	-1
782,16687	-107
782,68768	-106
783,2085	-46
783,72931	-147
784,25006	-107
784,77087	-40
785,29156	-38
785,81232	-90
786,33301	-45
786,8537	70
787,37433	-68
787,89502	-96
788,41565	-38
788,93622	-23
789,45685	-9
789,97742	-135
790,49792	-70
791,01849	37
791,539	-153
792,05945	-19
792,57996	-79
793,1004	-6
793,62085	-104
794,14124	-146
794,66168	-150
795,18207	-57
795,70239	-25
796,22272	-142
796,74304	-69
797,26337	34
797,78363	-128
798,30396	-122
798,82416	-20
799,34442	-14
799,86462	-62
800,38483	-167
800,90497	-45
801,42511	-147
801,94525	15
802,46539	-182
802,98547	-16
803,50555	-138
804,02563	146
804,54565	-161
805,06567	-151
805,58569	16
806,10565	-189
806,62561	89
807,14557	-71
807,66553	-180
808,18542	-52
808,70532	-65
809,22516	-113
809,745	-68
810,26483	-147
810,78467	43
811,30444	-298
811,82422	-67
812,34399	-164
812,86371	31
813,38342	-112
813,90314	-89
814,42279	-103
814,9425	-83
815,4621	-142
815,98175	-161
816,50134	-26
817,02094	-101
817,54053	-43
818,06006	-50
818,57959	-8
819,09912	-129
819,61859	21
820,13806	-111
820,65753	-26
821,17694	-13
821,69635	50
822,21576	-27
822,73517	-18
823,25452	-127
823,77386	-72
824,29315	-137
824,81244	-30
825,33173	-377
825,85101	-194
826,37024	-146
826,88947	-116
827,40869	81
827,92786	-54
828,44708	-39
828,96619	-20
829,48535	-113
830,00446	-48
830,52356	53
831,0426	-147
831,56171	-156
832,08069	-23
832,59973	-109
833,11871	-107
833,6377	-168
834,15668	-104
834,6756	-74
835,19452	-76
835,71344	-22
836,23236	38
836,75122	-117
837,27008	-3
837,78888	-138
838,30768	-38
838,82648	-233
839,34528	-119
839,86401	-7
840,38275	-17
840,90149	-175
841,42017	-94
841,93884	-53
842,45752	-83
842,97614	-67
843,49475	-89
844,01337	-171
844,53198	-243
845,05054	-187
845,56909	-9
846,08759	-122
846,60608	-58
847,12457	-92
847,64307	-109
848,1615	-58
848,67993	-128
849,19836	-91
849,71674	-26
850,23511	-12
850,75348	3
851,27185	-51
851,79016	-162
852,30847	-30
852,82672	-10
853,34497	-224
853,86322	22
854,38147	-88
854,89966	-87
855,41785	-110
855,93604	-91
856,45416	-10
856,97229	-139
857,49042	-34
858,00848	-98
858,52661	-112
859,04462	-124
859,56268	-11
860,08069	-99
860,59869	43
861,11664	162
861,63464	10
862,15259	-11
862,67047	16
863,18842	-138
863,7063	-27
864,22412	1
864,742	29
865,25983	-7
865,77765	-31
866,29541	3
866,81317	-138
867,33093	-71
867,84869	56
868,36639	-35
868,88409	-54
869,40179	-71
869,91943	-76
870,43707	21
870,95471	-23
871,47229	-1
871,98987	-51
872,50745	-39
873,02496	-10
873,54248	-70
874,06	-255
874,57751	63
875,09497	-107
875,61243	-111
876,12982	-177
876,64728	13
877,16467	46
877,68201	-26
878,1994	-122
878,71674	-109
879,23401	-205
879,75134	-34
880,26862	-101
880,78589	-78
881,3031	-50
881,82031	74
882,33752	-66
882,85474	-73
883,37189	32
883,88904	145
884,40619	-34
884,92328	40
885,44037	-112
885,95746	143
886,47449	-155
886,99152	-94
887,50854	109
888,02551	-51
888,54254	-91
889,05945	-34
889,57642	-103
890,09332	31
890,61023	-143
891,12714	5
891,64398	-14
892,16083	21
892,67767	-20
893,19446	-24
893,71124	-85
894,22803	-28
894,74475	-162
895,26147	-3
895,7782	30
896,29492	-30
896,81158	-7
897,32825	-112
897,84485	-153
898,36151	-189
898,87811	-42
899,39465	-50
899,91125	-88
900,4278	-133
900,94427	-134
901,46082	-38
901,97729	-74
902,49377	-238
903,01019	-69
903,52661	-60
904,04303	-45
904,55945	-108
905,07581	25
905,59216	-66
906,10852	-83
906,62482	-111
907,14111	-6
907,65741	-40
908,17365	-86
908,68988	-128
909,20612	-89
909,72229	24
910,23846	-56
910,75464	-86
911,27081	-136
911,78693	-26
912,30304	-46
912,81909	-203
913,33521	-78
913,85126	-109
914,36725	-101
914,8833	-85
915,39929	-73
915,91528	-221
916,43121	-197
916,94714	-162
917,46307	-57
917,97894	-113
918,49487	-57
919,01068	-122
919,52655	18
920,04236	-162
920,55817	62
921,07397	-136
921,58972	36
922,10547	-58
922,62122	-174
923,1369	-102
923,65259	1
924,16827	-193
924,68396	-100
925,19958	-118
925,71521	-117
926,23077	-64
926,74634	-152
927,2619	-91
927,77747	-106
928,29297	31
928,80847	-185
929,32397	23
929,83942	5
930,35486	-91
930,8703	-60
931,38574	-1
931,90112	-39
932,4165	-91
932,93182	63
933,44714	-60
933,96246	29
934,47778	-65
934,99304	-32
935,5083	-136
936,02356	44
936,53876	28
937,05396	-154
937,56915	-174
938,08429	-190
938,59943	-112
939,11456	-204
939,6297	-99
940,14478	-90
940,65985	-122
941,17487	-153
941,68988	-59
942,2049	61
942,71991	-21
943,23486	-47
943,74982	-181
944,26477	-58
944,77966	-44
945,29462	-40
945,80945	-11
946,32434	-81
946,83917	-258
947,354	-121
947,86877	118
948,38361	1
948,89832	-60
949,41309	-165
949,9278	-101
950,4425	11
950,95721	-71
951,47186	-196
951,98651	-94
952,50116	-83
953,01581	-15
953,5304	121
954,04498	-100
954,55951	-76
955,07404	-176
955,58856	-69
956,10309	-158
956,61755	-185
957,13202	-183
957,64648	-56
958,16089	-166
958,67529	44
959,1897	-22
959,70404	-73
960,21838	7
960,73273	-118
961,24701	-79
961,76135	-140
962,27563	-109
962,78986	40
963,30408	0
963,8183	-70
964,33252	20
964,84668	-81
965,36084	-71
965,875	-43
966,3891	-33
966,9032	99
967,4173	-88
967,9314	30
968,44543	-89
968,95947	-30
969,47345	-223
969,98743	3
970,5014	73
971,01538	-181
971,5293	-38
972,04321	-78
972,55713	-59
973,07098	-101
973,58484	88
974,09869	-39
974,61249	-101
975,12628	-50
975,64008	-122
976,15387	-77
976,6676	26
977,18134	-104
977,69501	-64
978,20874	-158
978,72241	-53
979,23602	32
979,74969	-100
980,26331	-86
980,77686	-177
981,29047	16
981,80402	28
982,31757	-9
982,83105	-90
983,34454	-43
983,85803	-18
984,37152	-76
984,88495	-133
985,39838	-99
985,91174	57
986,42517	-55
986,93854	-49
987,45184	-68
987,96521	-190
988,47852	-62
988,99176	53
989,50507	-113
990,01831	-155
990,53156	-64
991,04474	-45
991,55798	-18
992,07111	-87
992,58429	0
993,09741	-109
993,61053	-166
994,12366	-62
994,63672	-107
995,14978	-169
995,66284	-153
996,17584	-90
996,6889	-224
997,20184	-118
997,71484	-149
998,22778	18
998,74072	6
999,2536	-152
999,76654	-89
1000,2794	-51
1000,7922	-141
1001,3051	-127
1001,8179	57
1002,3307	-100
1002,8435	-111
1003,3563	-99
1003,869	-80
1004,3817	-77
1004,8944	-22
1005,4071	-41
1005,9198	-105
1006,4324	32
1006,9451	-187
1007,4576	0
1007,9703	-82
1008,4828	74
1008,9954	-61
1009,5079	-35
1010,0204	101
1010,5329	-12
1011,0454	-48
1011,5579	-52
1012,0703	-92
1012,5827	-164
1013,0952	17
1013,6075	5
1014,1199	90
1014,6322	64
1015,1445	-94
1015,6569	4
1016,1691	-26
1016,6814	-6
1017,1937	-37
1017,7059	-51
1018,2181	-40
1018,7303	37
1019,2425	52
1019,7546	-151
1020,2668	-2
1020,7789	-7
1021,291	-79
1021,803	-9
1022,3151	-55
1022,8271	-129
1023,3392	-108
1023,8512	-116
1024,3632	-48
1024,8751	-67
1025,3871	-181
1025,899	-4
1026,4109	-36
1026,9229	-206
1027,4347	-51
1027,9465	-89
1028,4584	-22
1028,9702	-36
1029,4821	48
1029,9938	-1
1030,5055	2
1031,0173	-92
1031,5291	110
1032,0406	-163
1032,5524	-130
1033,0641	-100
1033,5757	-76
1034,0873	-6
1034,599	-111
1035,1105	-109
1035,6221	-61
1036,1337	-62
1036,6451	-92
1037,1567	-177
1037,6682	-61
1038,1797	-87
1038,6912	-41
1039,2025	-105
1039,714	-42
1040,2253	-151
1040,7368	-56
1041,2482	24
1041,7595	-31
1042,2708	-35
1042,7821	-66
1043,2933	-52
1043,8047	-153
1044,3159	-143
1044,8271	-12
1045,3384	-92
1045,8495	-61
1046,3607	-163
1046,8718	-122
1047,3831	-105
1047,8942	-123
1048,4052	-5
1048,9163	106
1049,4274	-126
1049,9384	1
1050,4495	-17
1050,9604	146
1051,4714	-55
1051,9824	-37
1052,4933	-64
1053,0043	-99
1053,5151	-53
1054,026	57
1054,5369	68
1055,0477	-85
1055,5586	-64
1056,0695	-33
1056,5802	-57
1057,0909	-1
1057,6017	-118
1058,1124	-82
1058,6232	47
1059,1339	23
1059,6445	32
1060,1553	-75
1060,6659	-80
1061,1765	6
1061,6871	109
1062,1978	-71
1062,7083	71
1063,2189	-37
1063,7294	-27
1064,2399	-204
1064,7504	1
1065,2609	84
1065,7712	26
1066,2817	-49
1066,7921	-114
1067,3025	-50
1067,8129	64
1068,3232	-16
1068,8336	-36
1069,344	-90
1069,8542	3
1070,3645	-198
1070,8748	-65
1071,385	26
1071,8953	-100
1072,4055	-8
1072,9156	50
1073,4258	-71
1073,936	9
1074,4462	-48
1074,9562	67
1075,4663	-42
1075,9764	94
1076,4865	-26
1076,9965	-128
1077,5065	-25
1078,0165	14
1078,5265	-74
1079,0365	-99
1079,5464	-87
1080,0564	-106
1080,5663	-79
1081,0762	-104
1081,5861	-29
1082,0958	92
1082,6057	-149
1083,1155	2
1083,6252	-32
1084,135	-68
1084,6448	63
1085,1545	-22
1085,6643	-90
1086,174	-129
1086,6836	-159
1087,1934	-133
1087,703	15
1088,2125	33
1088,7222	-81
1089,2318	62
1089,7413	-129
1090,2509	38
1090,7604	-89
1091,2699	-57
1091,7794	23
1092,2888	-75
1092,7983	-50
1093,3077	-117
1093,8171	-47
1094,3265	-88
1094,8359	60
1095,3453	-19
1095,8546	-57
1096,364	-154
1096,8733	130
1097,3826	-158
1097,8918	-117
1098,4011	-4
1098,9103	71
1099,4196	44
1099,9287	-91
1100,4379	-137
