Date and Time:                Wed Mar 26 10:18:43.514 2025
Software Version:             4.32.30137.0
Unstabilized Temperature (C): 22,646
Model:                        DU970P_BVF
Data Type:                    Counts (Bg Corrected)
Acquisition Mode:             Accumulate
Trigger Mode:                 Internal
Exposure Time (secs):         1
Accumulate Cycle Time (secs): 1
Frequency (Hz):               1
Number of Accumulations:      10
Readout Mode:                 Full Vertical Binning
Horizontal binning:           1
Shutter Mode:                 Permanently OPEN
TTL level:                    High
Time to open:                 27 ms
Time to close:                27 ms
Extended Data Range:          off
Horizontally flipped:         false
Vertical Shift Speed (usecs): 9,68
Pixel Readout Rate (MHz):     0,05
Baseline Clamp:               ON
Clock Amplitude:              Normal
Output Amplifier:             Electron Multiplying
EM DAC level:                 0
Serial Number:                CCD-28289
Pre-Amplifier Gain:           1x
Spurious Noise Filter Mode:   No Filter
Photon counted:               false
Data Averaging Filter Mode:   No Filter
KY193i:
Serial Number:                KY-3589
Wavelength (nm):              711,54
Grating Groove Density (l/mm):150
Grating Blaze:                500nm
Output Flipper Port:          Direct



262,12247	-152
262,66187	-123
263,2012	-185
263,74057	8
264,27988	-23
264,81918	-76
265,35846	-105
265,89774	-48
266,43698	14
266,97623	-738
267,51544	-128
268,05463	-37
268,59378	-24
269,13293	-71
269,67209	27
270,21118	-176
270,75031	-21
271,28937	-49
271,82843	-135
272,36746	-149
272,90649	-62
273,4455	-133
273,98447	-47
274,52344	-268
275,06238	-76
275,60132	2
276,14023	34
276,67911	48
277,21799	-22
277,75684	-16
278,29565	-49
278,83447	-79
279,37326	43
279,91205	-82
280,45081	-226
280,98953	7
281,52826	-100
282,06696	-23
282,60565	-147
283,14429	-163
283,68295	-134
284,22156	-67
284,76016	-54
285,29877	-37
285,83731	-261
286,37589	-99
286,9144	-107
287,45291	54
287,99139	-60
288,52988	-107
289,06833	-112
289,60678	-119
290,14517	-16
290,68359	-6
291,22195	-105
291,76031	-60
292,29865	-104
292,83698	-33
293,37527	-22
293,91357	18
294,45184	-123
294,99008	-32
295,52832	-65
296,06653	-69
296,60471	-33
297,14288	-209
297,68103	-3
298,21915	-62
298,75726	126
299,29538	-48
299,83344	-247
300,37149	-182
300,90955	-68
301,44754	-215
301,98557	-22
302,52353	-122
303,06149	-121
303,59946	-112
304,13736	-120
304,67526	-190
305,21317	-134
305,75104	-71
306,28888	-68
306,82672	-94
307,36453	-36
307,90231	-74
308,44009	-117
308,97784	-153
309,51556	-96
310,05328	-143
310,591	-123
311,12866	67
311,66632	37
312,20398	2
312,74158	-164
313,27921	-103
313,81677	-165
314,35434	-115
314,89188	-152
315,42941	-74
315,96692	4
316,50443	30
317,0419	-62
317,57935	-66
318,11676	-34
318,65417	-31
319,19159	-151
319,72894	-97
320,26633	-90
320,80365	-159
321,34097	-68
321,87827	75
322,41556	-45
322,95282	-157
323,49005	-54
324,02728	-147
324,56448	-26
325,10168	-18
325,63885	-65
326,17599	-47
326,71313	-202
327,25024	-229
327,78732	-47
328,3244	-237
328,86145	-140
329,3985	11
329,93552	-246
330,4725	-112
331,00949	-65
331,54645	-85
332,0834	-164
332,62033	-115
333,15723	72
333,69409	-76
334,23099	-245
334,76782	-140
335,30466	-208
335,84146	-7
336,37823	-143
336,91501	25
337,45178	-218
337,98849	-175
338,52521	5
339,06192	7
339,5986	-55
340,13525	-104
340,67188	-96
341,2085	-103
341,74512	-177
342,28168	38
342,81827	29
343,3548	-160
343,89133	-41
344,42783	-178
344,96432	93
345,50079	-159
346,03723	-153
346,57367	-52
347,11008	-106
347,64648	-117
348,18286	-118
348,71921	-73
349,25555	-166
349,79187	-20
350,32816	-171
350,86444	33
351,4007	-51
351,93695	-115
352,47318	-160
353,00937	-124
353,54556	-32
354,08173	-146
354,61786	-255
355,15399	-125
355,69009	-8
356,2262	4
356,76227	-95
357,29831	-88
357,83435	-60
358,37036	-42
358,90637	-160
359,44235	-79
359,9783	11
360,51425	25
361,05017	-14
361,58606	30
362,12195	-58
362,65781	-98
363,19366	-150
363,72949	-229
364,26529	-257
364,80109	-36
365,33685	-122
365,87259	-13
366,40833	-74
366,94403	15
367,47974	-140
368,01541	-14
368,55106	-218
369,0867	-12
369,62231	-117
370,15793	-150
370,69351	-12
371,22906	-42
371,76462	-88
372,30014	-92
372,83563	-116
373,37112	-48
373,90659	-162
374,44205	-132
374,97745	-117
375,51288	-51
376,04828	-124
376,58365	-28
377,11899	-116
377,65433	67
378,18964	-124
378,72495	-75
379,26022	-128
379,79547	-66
380,33072	2
380,86594	-276
381,40112	-126
381,93631	73
382,4715	-12
383,00662	-173
383,54175	-109
384,07687	-46
384,61194	-39
385,14703	-96
385,68207	-100
386,2171	-44
386,75211	-17
387,28711	-136
387,82208	-148
388,35706	-34
388,89197	-126
389,42691	-15
389,96179	-28
390,49667	-36
391,03156	-47
391,56638	-34
392,1012	-148
392,63602	-23
393,17081	-88
393,70557	-198
394,24033	-98
394,77505	72
395,30975	-23
395,84445	-29
396,37912	-93
396,91379	8
397,44843	5
397,98303	-77
398,51764	13
399,05222	-104
399,58676	-71
400,12131	-125
400,65582	-70
401,19034	-114
401,72482	-166
402,25928	-29
402,79373	-160
403,32816	-58
403,86255	-176
404,39694	-134
404,9313	-16
405,46567	45
406	-28
406,5343	-98
407,0686	-191
407,60287	-61
408,13715	46
408,67139	6
409,2056	-78
409,73981	-108
410,27399	-169
410,80814	-51
411,34229	46
411,8764	-140
412,41052	-115
412,94461	-36
413,47867	-76
414,01273	91
414,54675	-115
415,08075	33
415,61475	108
416,14874	-178
416,68268	-48
417,21661	-148
417,75055	-163
418,28442	-23
418,8183	22
419,35217	-92
419,88602	-5
420,41983	-37
420,95364	-42
421,48743	-67
422,02118	-163
422,55493	-46
423,08865	-162
423,62238	-142
424,15607	-81
424,68973	-11
425,22339	-97
425,75702	-141
426,29062	-33
426,82422	-77
427,35779	-108
427,89136	-61
428,4249	-137
428,9584	-189
429,49191	49
430,02539	-11
430,55887	-84
431,09232	32
431,62573	-103
432,15915	19
432,69254	-30
433,22589	-110
433,75925	-164
434,29257	-127
434,8259	32
435,35919	-117
435,89246	-21
436,42572	-71
436,95895	-66
437,49216	-272
438,02536	-166
438,55853	-14
439,09171	-108
439,62485	-73
440,15796	20
440,69107	-189
441,22415	-6
441,7572	-122
442,29025	-231
442,8233	-183
443,35629	-93
443,88928	-73
444,42227	-11
444,9552	-50
445,48816	-101
446,02106	-79
446,55396	-145
447,08682	-77
447,61969	-125
448,15253	-58
448,68536	-48
449,21814	-85
449,75095	-128
450,28369	-82
450,81644	-108
451,34918	-191
451,88187	-136
452,41455	-186
452,94724	-50
453,47989	-26
454,01251	-176
454,54514	-126
455,07773	-288
455,61029	51
456,14285	-145
456,67538	50
457,20792	27
457,74039	-121
458,27289	-178
458,80533	-124
459,33777	-31
459,87021	10
460,40262	-129
460,935	-82
461,46738	-121
461,99969	7
462,53204	33
463,06436	-16
463,59665	-78
464,12891	-79
464,66116	-127
465,19339	-129
465,72562	-9
466,25781	-97
466,78998	-58
467,32214	-109
467,85428	-143
468,38641	32
468,91852	-106
469,45059	-94
469,98267	-206
470,51471	-14
471,04672	-73
471,57874	-54
472,11072	-149
472,6427	-63
473,17465	-17
473,70657	-51
474,23849	-147
474,77039	-84
475,30225	-47
475,83411	-114
476,36594	-103
476,89777	110
477,42957	-167
477,96133	-55
478,4931	-228
479,02484	18
479,55658	-92
480,08829	-217
480,61996	-186
481,15164	-95
481,68329	-73
482,2149	-73
482,74652	-153
483,27811	-69
483,80969	-125
484,34122	48
484,87277	-85
485,40427	-96
485,93579	-115
486,46725	-111
486,99872	-122
487,53015	-111
488,06158	-101
488,59299	-81
489,12436	-18
489,65573	-137
490,18707	-38
490,71838	45
491,24969	-38
491,78101	-32
492,31226	-84
492,84351	-77
493,37476	-73
493,90598	-58
494,43716	-172
494,96832	-41
495,49948	-83
496,03061	19
496,56174	-58
497,09283	2
497,62393	-139
498,155	84
498,68604	-47
499,21704	-167
499,74805	-158
500,27905	-84
500,81	-111
501,34097	-149
501,87189	16
502,4028	-105
502,93369	-126
503,46457	15
503,99542	-100
504,52625	-188
505,05707	8
505,58786	-90
506,11865	-137
506,64941	42
507,18015	-202
507,71088	-96
508,24158	-47
508,77225	23
509,30292	13
509,83356	-173
510,3642	-107
510,89481	-2
511,42538	-84
511,95596	-119
512,48651	-238
513,01703	-31
513,54755	-70
514,07806	-77
514,60852	-145
515,13898	-3
515,66943	-43
516,19983	-168
516,73022	-147
517,26062	-41
517,79095	9
518,32135	-88
518,85162	-89
519,38196	-237
519,91223	-183
520,4425	-110
520,97278	-38
521,50299	40
522,0332	8
522,56342	-151
523,09357	-64
523,62372	-145
524,15387	-57
524,68396	-86
525,21405	-36
525,74414	17
526,27423	-100
526,80426	-101
527,33429	-167
527,86426	-39
528,39429	-165
528,92426	-124
529,45416	-100
529,98413	-110
530,51404	-118
531,04388	-87
531,57379	-65
532,10364	-141
532,63348	-124
533,16327	-28
533,69305	-164
534,22284	-207
534,75262	-43
535,28235	-148
535,81207	-155
536,34174	14
536,87146	-29
537,40112	-6
537,93073	-151
538,46039	-111
538,98999	-76
539,51959	-129
540,04913	54
540,57867	-35
541,10822	-146
541,6377	-14
542,16724	-87
542,69672	6
543,22614	-50
543,75555	-53
544,28497	-64
544,81439	-132
545,34375	-12
545,87311	-206
546,40247	19
546,93182	-10
547,46112	-143
547,99042	-116
548,51965	-91
549,04889	-48
549,57813	-116
550,10736	-120
550,63654	-72
551,16571	-128
551,69482	-51
552,224	-11
552,75311	-113
553,28223	-93
553,81128	-193
554,34033	-103
554,86938	-176
555,39838	-119
555,92737	-103
556,45636	-228
556,98535	-143
557,51428	37
558,04321	-253
558,57214	70
559,10101	-79
559,62988	-30
560,15869	-62
560,68756	-30
561,21637	-41
561,74518	-79
562,27393	-198
562,80267	-18
563,33142	48
563,86017	-74
564,38885	-116
564,91754	-120
565,44617	-18
565,97479	24
566,50342	-148
567,03204	21
567,56061	-77
568,08917	19
568,61774	-28
569,1463	-43
569,6748	-78
570,20325	-205
570,73175	-117
571,26019	-36
571,78864	-172
572,31708	-243
572,84546	-97
573,37384	-15
573,90216	-32
574,43054	-61
574,95886	20
575,48712	-94
576,01544	-46
576,5437	-113
577,07196	-12
577,60016	71
578,12836	-116
578,65656	-23
579,18475	-51
579,71289	-37
580,24103	-19
580,7691	-127
581,29724	34
581,82532	-155
582,35333	-69
582,88141	-33
583,40942	-38
583,93738	-32
584,46539	-89
584,99335	-143
585,5213	21
586,04919	-86
586,57709	-90
587,10498	22
587,63287	-33
588,16071	-189
588,68854	-15
589,21637	-70
589,74414	-6
590,27191	-124
590,79968	31
591,32739	-107
591,8551	-172
592,38281	-169
592,91052	-128
593,43817	-164
593,96582	-149
594,49341	-4
595,021	-88
595,54858	-93
596,07617	-91
596,6037	-117
597,13123	-3
597,65875	-94
598,18622	-66
598,71368	30
599,24115	-177
599,76855	-103
600,29602	-164
600,82336	-47
601,35077	1
601,87811	-89
602,40546	-207
602,9328	-105
603,46008	-7
603,98737	19
604,51465	-127
605,04187	-56
605,56909	-46
606,09631	-129
606,62347	-14
607,15063	-46
607,6778	-148
608,2049	15
608,73206	-182
609,25916	-101
609,78619	-15
610,31323	-79
610,84027	-33
611,36731	-107
611,89429	-78
612,42126	-124
612,94824	-192
613,47516	-111
614,00208	-77
614,52899	-5
615,05591	-236
615,58276	-83
616,10962	12
616,63641	-29
617,16321	-110
617,69	-19
618,2168	-236
618,74353	-89
619,27026	-146
619,797	-54
620,32367	-138
620,85034	56
621,37701	-69
621,90369	-105
622,4303	-9
622,95685	-247
623,48346	20
624,01001	-8
624,53656	-17
625,06311	-55
625,5896	-191
626,11609	-184
626,64258	-52
627,16901	-40
627,69543	-61
628,22186	-142
628,74823	7
629,2746	-45
629,80096	-76
630,32727	-26
630,85364	-149
631,37988	-23
631,90619	-232
632,43243	73
632,95868	-165
633,48492	53
634,01111	-106
634,53729	116
635,06348	-170
635,5896	-127
636,11572	12
636,64185	-19
637,16791	-149
637,69403	-83
638,22003	-151
638,74609	-145
639,27209	-37
639,7981	-172
640,3241	-225
640,85004	-97
641,37598	-91
641,90192	-21
642,4278	-114
642,95367	29
643,47955	-1
644,00537	-87
644,53119	-43
645,05701	46
645,58282	-149
646,10858	-75
646,63434	46
647,16003	78
647,68573	20
648,21143	71
648,73712	-194
649,26276	-55
649,78839	-35
650,31403	-79
650,83966	-24
651,36523	-15
651,89075	93
652,41632	-73
652,94183	-31
653,46735	-94
653,9928	-42
654,51831	-62
655,04376	8
655,56915	-127
656,09454	-143
656,61993	-116
657,14532	-144
657,67072	-84
658,19604	-95
658,72131	24
659,24664	-25
659,77191	-144
660,29718	-14
660,82239	-34
661,3476	-89
661,8728	48
662,39801	64
662,92316	37
663,4483	-110
663,97345	-12
664,49854	-55
665,02362	41
665,54871	68
666,07373	38
666,59875	2
667,12378	-44
667,6488	15
668,17377	-55
668,69873	69
669,22363	81
669,7486	97
670,2735	186
670,79834	36
671,32324	127
671,84808	66
672,37286	264
672,89771	204
673,42249	304
673,9472	171
674,47198	148
674,9967	328
675,52142	346
676,04608	580
676,5708	639
677,09546	778
677,62006	924
678,14471	1115
678,66925	1570
679,19385	1816
679,71844	2356
680,24298	2766
680,76746	3268
681,29199	3690
681,81647	4312
682,34094	4889
682,86536	5701
683,38977	6194
683,91418	7002
684,4386	8149
684,96295	9419
685,4873	10801
686,01166	12912
686,53595	15296
687,06024	18085
687,58453	21507
688,10876	25253
688,633	29261
689,15723	33404
689,68146	36768
690,20563	40024
690,7298	42285
691,25391	44148
691,77802	44702
692,30212	43839
692,82623	42401
693,35028	40040
693,87433	37305
694,39838	34047
694,92236	30762
695,44635	27757
695,97034	24921
696,49432	21849
697,01825	19378
697,54218	17018
698,06604	15349
698,5899	13781
699,11377	12468
699,63763	11302
700,16144	10466
700,68524	9437
701,20905	8892
701,73279	8231
702,25653	7543
702,78027	7194
703,30396	6470
703,82764	5992
704,35132	5510
704,875	4983
705,39862	4733
705,92224	4359
706,4458	3702
706,96942	3564
707,49298	3097
708,01648	2821
708,54004	2669
709,06354	2479
709,58698	2108
710,11047	1911
710,63391	1776
711,15735	1514
711,68073	1354
712,2041	1124
712,72748	1079
713,25085	1079
713,77417	910
714,29749	733
714,82074	778
715,34406	661
715,86731	560
716,3905	547
716,91376	399
717,43695	436
717,96008	244
718,48328	194
719,00641	272
719,52954	204
720,05261	30
720,57574	245
721,09882	103
721,62183	73
722,14484	100
722,66785	72
723,19086	81
723,71381	-51
724,23676	163
724,7597	100
725,28265	-81
725,80554	69
726,32837	16
726,85126	-28
727,37408	-46
727,89691	13
728,41968	-14
728,9425	71
729,46527	-153
729,98798	103
730,51074	-8
731,03345	-35
731,55609	-98
732,0788	-120
732,60144	24
733,12408	25
733,64667	-59
734,16925	17
734,69183	-61
735,21442	-50
735,73694	-9
736,25946	-170
736,78192	-144
737,30444	-20
737,8269	66
738,3493	-65
738,87177	-95
739,39417	-68
739,9165	-69
740,4389	-117
740,96124	-161
741,48358	27
742,00586	-56
742,52814	-111
743,05042	-85
743,57269	-186
744,09491	-143
744,61713	-32
745,13934	-176
745,6615	-44
746,18365	-97
746,70581	-166
747,22791	-171
747,75	-40
748,27209	-9
748,79419	-41
749,31622	-113
749,83826	-92
750,36023	-100
750,8822	2
751,40417	-14
751,92615	-157
752,44806	-269
752,96997	-11
753,49188	-96
754,01373	-93
754,53558	-105
755,05743	-93
755,57928	-53
756,10107	-14
756,62286	-109
757,14459	-4
757,66632	-181
758,18805	-90
758,70978	-32
759,23145	-78
759,75311	-132
760,27478	-138
760,79639	-29
761,31799	-142
761,8396	-67
762,36115	-40
762,88269	-2
763,40424	-77
763,92578	-111
764,44727	-7
764,96875	-33
765,49017	-9
766,01166	-105
766,53308	6
767,05444	23
767,57587	-40
768,09723	-5
768,61853	-105
769,13989	-83
769,66119	-23
770,1825	-34
770,70374	-94
771,22498	-178
771,74622	-78
772,26746	-223
772,78864	-73
773,30981	-19
773,83093	-13
774,35211	-47
774,87323	-219
775,39429	-59
775,91541	-29
776,43646	25
776,95746	-101
777,47852	34
777,99951	-99
778,52051	-131
779,04144	21
779,56244	-84
780,08331	-107
780,60425	75
781,12512	-26
781,646	-93
782,16687	-70
782,68768	-35
783,2085	6
783,72931	-71
784,25006	-166
784,77087	-30
785,29156	-248
785,81232	56
786,33301	-95
786,8537	-14
787,37433	-121
787,89502	-90
788,41565	52
788,93622	-120
789,45685	16
789,97742	-24
790,49792	-13
791,01849	-40
791,539	-88
792,05945	-37
792,57996	18
793,1004	-13
793,62085	-132
794,14124	-26
794,66168	-81
795,18207	-61
795,70239	-102
796,22272	-75
796,74304	-106
797,26337	-78
797,78363	1
798,30396	-85
798,82416	-46
799,34442	60
799,86462	-136
800,38483	-34
800,90497	-64
801,42511	-213
801,94525	-50
802,46539	7
802,98547	-132
803,50555	-56
804,02563	-26
804,54565	-40
805,06567	-36
805,58569	-118
806,10565	-136
806,62561	-117
807,14557	5
807,66553	-25
808,18542	-196
808,70532	-8
809,22516	-30
809,745	-134
810,26483	-138
810,78467	-18
811,30444	59
811,82422	3
812,34399	-95
812,86371	44
813,38342	-129
813,90314	-96
814,42279	-21
814,9425	-174
815,4621	-347
815,98175	-138
816,50134	-101
817,02094	-47
817,54053	-36
818,06006	-46
818,57959	-48
819,09912	-167
819,61859	-161
820,13806	30
820,65753	-94
821,17694	68
821,69635	-122
822,21576	-166
822,73517	-5
823,25452	-38
823,77386	-43
824,29315	-125
824,81244	-70
825,33173	-133
825,85101	-10
826,37024	28
826,88947	-147
827,40869	-95
827,92786	-75
828,44708	118
828,96619	-139
829,48535	-209
830,00446	-121
830,52356	-148
831,0426	-106
831,56171	-67
832,08069	-111
832,59973	-7
833,11871	-137
833,6377	-105
834,15668	-213
834,6756	-114
835,19452	-65
835,71344	-14
836,23236	-24
836,75122	96
837,27008	-178
837,78888	-188
838,30768	-115
838,82648	-137
839,34528	-186
839,86401	-57
840,38275	-54
840,90149	22
841,42017	-105
841,93884	-113
842,45752	-178
842,97614	-29
843,49475	-36
844,01337	-56
844,53198	-65
845,05054	-201
845,56909	-90
846,08759	-136
846,60608	-123
847,12457	-136
847,64307	19
848,1615	-77
848,67993	-81
849,19836	-49
849,71674	29
850,23511	-56
850,75348	-250
851,27185	-27
851,79016	-127
852,30847	7
852,82672	-225
853,34497	-142
853,86322	-81
854,38147	-223
854,89966	81
855,41785	70
855,93604	-67
856,45416	-61
856,97229	11
857,49042	-97
858,00848	-116
858,52661	-229
859,04462	-5
859,56268	39
860,08069	-62
860,59869	-128
861,11664	-76
861,63464	37
862,15259	-8
862,67047	-113
863,18842	-111
863,7063	-12
864,22412	-24
864,742	-97
865,25983	-51
865,77765	-56
866,29541	-45
866,81317	-85
867,33093	-91
867,84869	9
868,36639	-108
868,88409	28
869,40179	-45
869,91943	-229
870,43707	-203
870,95471	-127
871,47229	-76
871,98987	-45
872,50745	13
873,02496	-143
873,54248	13
874,06	-102
874,57751	-160
875,09497	-52
875,61243	-201
876,12982	-174
876,64728	59
877,16467	-21
877,68201	-76
878,1994	-42
878,71674	-75
879,23401	-37
879,75134	-30
880,26862	-114
880,78589	-84
881,3031	-48
881,82031	9
882,33752	-67
882,85474	117
883,37189	-41
883,88904	-77
884,40619	-78
884,92328	-41
885,44037	-18
885,95746	37
886,47449	-30
886,99152	-40
887,50854	-139
888,02551	-100
888,54254	-4
889,05945	3
889,57642	-89
890,09332	-103
890,61023	-173
891,12714	-196
891,64398	-59
892,16083	-184
892,67767	129
893,19446	-105
893,71124	-52
894,22803	-58
894,74475	-126
895,26147	-180
895,7782	-164
896,29492	-1
896,81158	-186
897,32825	19
897,84485	-205
898,36151	-32
898,87811	-24
899,39465	-120
899,91125	32
900,4278	32
900,94427	-97
901,46082	-151
901,97729	-28
902,49377	-47
903,01019	-54
903,52661	-74
904,04303	-59
904,55945	-138
905,07581	-159
905,59216	-133
906,10852	-68
906,62482	-143
907,14111	-46
907,65741	-146
908,17365	49
908,68988	-161
909,20612	48
909,72229	-73
910,23846	-116
910,75464	52
911,27081	-74
911,78693	-148
912,30304	-56
912,81909	-31
913,33521	-86
913,85126	22
914,36725	-161
914,8833	36
915,39929	-69
915,91528	-22
916,43121	-124
916,94714	16
917,46307	-163
917,97894	-278
918,49487	3
919,01068	-165
919,52655	-40
920,04236	-94
920,55817	-104
921,07397	-8
921,58972	-238
922,10547	-88
922,62122	-123
923,1369	-157
923,65259	-153
924,16827	20
924,68396	14
925,19958	-68
925,71521	-169
926,23077	-58
926,74634	-169
927,2619	-211
927,77747	-16
928,29297	-9
928,80847	-66
929,32397	-3
929,83942	-101
930,35486	-91
930,8703	-57
931,38574	-16
931,90112	-128
932,4165	-165
932,93182	-213
933,44714	-81
933,96246	-179
934,47778	-161
934,99304	-84
935,5083	-32
936,02356	12
936,53876	-91
937,05396	-132
937,56915	-146
938,08429	-97
938,59943	-42
939,11456	-119
939,6297	-124
940,14478	-177
940,65985	-102
941,17487	-101
941,68988	-96
942,2049	118
942,71991	-120
943,23486	-115
943,74982	2
944,26477	-103
944,77966	-105
945,29462	-142
945,80945	-60
946,32434	-34
946,83917	-281
947,354	33
947,86877	-43
948,38361	-55
948,89832	-182
949,41309	-140
949,9278	-36
950,4425	-105
950,95721	-176
951,47186	-233
951,98651	-239
952,50116	-16
953,01581	-56
953,5304	-52
954,04498	-81
954,55951	-51
955,07404	-148
955,58856	-67
956,10309	-20
956,61755	-89
957,13202	-91
957,64648	-65
958,16089	-56
958,67529	-44
959,1897	-168
959,70404	-107
960,21838	-176
960,73273	-123
961,24701	-27
961,76135	-48
962,27563	-179
962,78986	-151
963,30408	-6
963,8183	-82
964,33252	-79
964,84668	10
965,36084	-102
965,875	-111
966,3891	-166
966,9032	21
967,4173	60
967,9314	-115
968,44543	-133
968,95947	-150
969,47345	-129
969,98743	-100
970,5014	-83
971,01538	-23
971,5293	-98
972,04321	-119
972,55713	35
973,07098	64
973,58484	-108
974,09869	-127
974,61249	-136
975,12628	-93
975,64008	-55
976,15387	-52
976,6676	-105
977,18134	-135
977,69501	-128
978,20874	-141
978,72241	-101
979,23602	-4
979,74969	-54
980,26331	-17
980,77686	-29
981,29047	-49
981,80402	-14
982,31757	-53
982,83105	-64
983,34454	-156
983,85803	-95
984,37152	-158
984,88495	12
985,39838	-125
985,91174	-97
986,42517	-120
986,93854	-47
987,45184	34
987,96521	-151
988,47852	68
988,99176	-19
989,50507	-46
990,01831	-51
990,53156	-39
991,04474	-15
991,55798	-81
992,07111	59
992,58429	-31
993,09741	-124
993,61053	-159
994,12366	-132
994,63672	-186
995,14978	-192
995,66284	-140
996,17584	-162
996,6889	-59
997,20184	-85
997,71484	-53
998,22778	-54
998,74072	-15
999,2536	-87
999,76654	-9
1000,2794	-111
1000,7922	-94
1001,3051	-150
1001,8179	-128
1002,3307	-66
1002,8435	-76
1003,3563	-66
1003,869	-153
1004,3817	-153
1004,8944	-33
1005,4071	-41
1005,9198	-67
1006,4324	-142
1006,9451	0
1007,4576	-43
1007,9703	-44
1008,4828	-96
1008,9954	-55
1009,5079	-40
1010,0204	-129
1010,5329	-9
1011,0454	-124
1011,5579	-135
1012,0703	-123
1012,5827	104
1013,0952	-52
1013,6075	-98
1014,1199	-78
1014,6322	-14
1015,1445	-58
1015,6569	-98
1016,1691	-154
1016,6814	-105
1017,1937	-98
1017,7059	-73
1018,2181	-103
1018,7303	-63
1019,2425	-37
1019,7546	-58
1020,2668	-3
1020,7789	-106
1021,291	-78
1021,803	-140
1022,3151	-115
1022,8271	-93
1023,3392	-20
1023,8512	-104
1024,3632	-81
1024,8751	-142
1025,3871	-40
1025,899	-7
1026,4109	-303
1026,9229	-78
1027,4347	-23
1027,9465	11
1028,4584	82
1028,9702	-131
1029,4821	-100
1029,9938	-71
1030,5055	-100
1031,0173	-123
1031,5291	-3
1032,0406	-21
1032,5524	-215
1033,0641	-134
1033,5757	-90
1034,0873	-26
1034,599	-147
1035,1105	-131
1035,6221	23
1036,1337	-51
1036,6451	-70
1037,1567	-131
1037,6682	-76
1038,1797	-41
1038,6912	43
1039,2025	3
1039,714	-75
1040,2253	-219
1040,7368	-154
1041,2482	-38
1041,7595	-142
1042,2708	-126
1042,7821	-93
1043,2933	-309
1043,8047	119
1044,3159	-151
1044,8271	-6
1045,3384	-141
1045,8495	-62
1046,3607	-123
1046,8718	-45
1047,3831	-107
1047,8942	-94
1048,4052	-8
1048,9163	8
1049,4274	-73
1049,9384	23
1050,4495	-49
1050,9604	-53
1051,4714	-5
1051,9824	-102
1052,4933	-55
1053,0043	-88
1053,5151	-2
1054,026	-125
1054,5369	-137
1055,0477	-132
1055,5586	-31
1056,0695	-67
1056,5802	-8
1057,0909	-113
1057,6017	-34
1058,1124	11
1058,6232	-28
1059,1339	-73
1059,6445	2
1060,1553	66
1060,6659	-238
1061,1765	-112
1061,6871	-8
1062,1978	-146
1062,7083	-11
1063,2189	-221
1063,7294	-56
1064,2399	-70
1064,7504	-107
1065,2609	-10
1065,7712	-7
1066,2817	-25
1066,7921	-101
1067,3025	-74
1067,8129	-96
1068,3232	-39
1068,8336	-75
1069,344	-30
1069,8542	-90
1070,3645	12
1070,8748	-118
1071,385	-52
1071,8953	-146
1072,4055	99
1072,9156	-44
1073,4258	-105
1073,936	-124
1074,4462	-57
1074,9562	-32
1075,4663	-126
1075,9764	-127
1076,4865	-107
1076,9965	76
1077,5065	-153
1078,0165	3
1078,5265	-138
1079,0365	-152
1079,5464	-102
1080,0564	-43
1080,5663	-94
1081,0762	-71
1081,5861	54
1082,0958	-90
1082,6057	-28
1083,1155	-1
1083,6252	-38
1084,135	-105
1084,6448	-187
1085,1545	-93
1085,6643	-10
1086,174	-138
1086,6836	-137
1087,1934	-9
1087,703	24
1088,2125	-124
1088,7222	-43
1089,2318	-86
1089,7413	44
1090,2509	-328
1090,7604	-42
1091,2699	-37
1091,7794	-176
1092,2888	-208
1092,7983	71
1093,3077	-124
1093,8171	-106
1094,3265	-149
1094,8359	-104
1095,3453	-21
1095,8546	-118
1096,364	-276
1096,8733	-8
1097,3826	1
1097,8918	-160
1098,4011	-107
1098,9103	-130
1099,4196	-53
1099,9287	-37
1100,4379	-164
