Date and Time:                Wed Mar 26 12:16:10.853 2025
Software Version:             4.32.30137.0
Unstabilized Temperature (C): 22,646
Model:                        DU970P_BVF
Data Type:                    Counts (Bg Corrected)
Acquisition Mode:             Accumulate
Trigger Mode:                 Internal
Exposure Time (secs):         1
Accumulate Cycle Time (secs): 1
Frequency (Hz):               1
Number of Accumulations:      10
Readout Mode:                 Full Vertical Binning
Horizontal binning:           1
Shutter Mode:                 Permanently OPEN
TTL level:                    High
Time to open:                 27 ms
Time to close:                27 ms
Extended Data Range:          off
Horizontally flipped:         false
Vertical Shift Speed (usecs): 9,68
Pixel Readout Rate (MHz):     0,05
Baseline Clamp:               ON
Clock Amplitude:              Normal
Output Amplifier:             Electron Multiplying
EM DAC level:                 0
Serial Number:                CCD-28289
Pre-Amplifier Gain:           1x
Spurious Noise Filter Mode:   No Filter
Photon counted:               false
Data Averaging Filter Mode:   No Filter
KY193i:
Serial Number:                KY-3589
Wavelength (nm):              711,54
Grating Groove Density (l/mm):150
Grating Blaze:                500nm
Output Flipper Port:          Direct



262,12247	-58
262,66187	74
263,2012	-78
263,74057	112
264,27988	-95
264,81918	-124
265,35846	35
265,89774	-72
266,43698	-75
266,97623	-335
267,51544	-41
268,05463	-96
268,59378	-184
269,13293	-104
269,67209	-32
270,21118	38
270,75031	-109
271,28937	-5
271,82843	-7
272,36746	-33
272,90649	-36
273,4455	43
273,98447	-38
274,52344	-53
275,06238	-63
275,60132	8
276,14023	-7
276,67911	62
277,21799	-83
277,75684	-3
278,29565	68
278,83447	-88
279,37326	13
279,91205	5
280,45081	-125
280,98953	-47
281,52826	-115
282,06696	48
282,60565	-171
283,14429	-40
283,68295	45
284,22156	29
284,76016	-21
285,29877	-29
285,83731	-4
286,37589	-52
286,9144	-80
287,45291	-55
287,99139	-40
288,52988	-14
289,06833	62
289,60678	27
290,14517	-107
290,68359	-48
291,22195	-78
291,76031	30
292,29865	-79
292,83698	-174
293,37527	-79
293,91357	130
294,45184	19
294,99008	72
295,52832	-84
296,06653	7
296,60471	-94
297,14288	-35
297,68103	-77
298,21915	52
298,75726	149
299,29538	-70
299,83344	-51
300,37149	42
300,90955	-11
301,44754	-41
301,98557	64
302,52353	144
303,06149	-91
303,59946	44
304,13736	-29
304,67526	-119
305,21317	-15
305,75104	26
306,28888	69
306,82672	59
307,36453	-29
307,90231	-125
308,44009	-226
308,97784	90
309,51556	14
310,05328	68
310,591	-70
311,12866	-118
311,66632	-101
312,20398	-23
312,74158	81
313,27921	18
313,81677	83
314,35434	-1
314,89188	-16
315,42941	-109
315,96692	-15
316,50443	-37
317,0419	-52
317,57935	42
318,11676	75
318,65417	-4
319,19159	-105
319,72894	83
320,26633	54
320,80365	25
321,34097	-88
321,87827	104
322,41556	84
322,95282	53
323,49005	55
324,02728	-83
324,56448	-40
325,10168	-20
325,63885	-56
326,17599	94
326,71313	-72
327,25024	-252
327,78732	55
328,3244	49
328,86145	-85
329,3985	-24
329,93552	-40
330,4725	59
331,00949	-12
331,54645	-75
332,0834	13
332,62033	160
333,15723	-79
333,69409	0
334,23099	-93
334,76782	45
335,30466	-137
335,84146	83
336,37823	-56
336,91501	36
337,45178	-149
337,98849	16
338,52521	89
339,06192	-29
339,5986	-6
340,13525	-32
340,67188	-105
341,2085	34
341,74512	-7
342,28168	-60
342,81827	40
343,3548	36
343,89133	177
344,42783	149
344,96432	-13
345,50079	-119
346,03723	-67
346,57367	-122
347,11008	4
347,64648	-23
348,18286	-150
348,71921	-16
349,25555	-80
349,79187	68
350,32816	45
350,86444	45
351,4007	-26
351,93695	-56
352,47318	58
353,00937	-147
353,54556	38
354,08173	-55
354,61786	65
355,15399	79
355,69009	-82
356,2262	-82
356,76227	0
357,29831	44
357,83435	63
358,37036	-72
358,90637	46
359,44235	40
359,9783	104
360,51425	-15
361,05017	60
361,58606	13
362,12195	23
362,65781	19
363,19366	-15
363,72949	36
364,26529	-68
364,80109	35
365,33685	-34
365,87259	-53
366,40833	-40
366,94403	40
367,47974	-101
368,01541	-102
368,55106	-29
369,0867	-164
369,62231	-66
370,15793	-33
370,69351	175
371,22906	-37
371,76462	49
372,30014	-8
372,83563	106
373,37112	66
373,90659	-36
374,44205	-108
374,97745	-14
375,51288	0
376,04828	61
376,58365	28
377,11899	-121
377,65433	-190
378,18964	-44
378,72495	5
379,26022	103
379,79547	72
380,33072	-25
380,86594	-99
381,40112	56
381,93631	62
382,4715	-20
383,00662	-36
383,54175	47
384,07687	-61
384,61194	111
385,14703	-147
385,68207	-235
386,2171	27
386,75211	-100
387,28711	-31
387,82208	119
388,35706	-45
388,89197	-76
389,42691	-70
389,96179	60
390,49667	-55
391,03156	-72
391,56638	-140
392,1012	-119
392,63602	66
393,17081	11
393,70557	-46
394,24033	-49
394,77505	-9
395,30975	45
395,84445	-78
396,37912	-70
396,91379	11
397,44843	-97
397,98303	-12
398,51764	-26
399,05222	-18
399,58676	-66
400,12131	-81
400,65582	-58
401,19034	-170
401,72482	33
402,25928	0
402,79373	-97
403,32816	-39
403,86255	-90
404,39694	47
404,9313	-40
405,46567	-120
406	18
406,5343	32
407,0686	-120
407,60287	22
408,13715	31
408,67139	85
409,2056	-9
409,73981	-146
410,27399	-17
410,80814	-99
411,34229	-133
411,8764	-44
412,41052	4
412,94461	-96
413,47867	-81
414,01273	-91
414,54675	-54
415,08075	-34
415,61475	-103
416,14874	-72
416,68268	55
417,21661	-132
417,75055	67
418,28442	69
418,8183	135
419,35217	-125
419,88602	24
420,41983	-65
420,95364	-2
421,48743	37
422,02118	17
422,55493	17
423,08865	34
423,62238	28
424,15607	-131
424,68973	67
425,22339	-30
425,75702	-72
426,29062	-83
426,82422	-10
427,35779	32
427,89136	-91
428,4249	-115
428,9584	56
429,49191	-96
430,02539	3
430,55887	-44
431,09232	-7
431,62573	29
432,15915	-46
432,69254	-25
433,22589	-15
433,75925	120
434,29257	80
434,8259	-62
435,35919	65
435,89246	57
436,42572	-140
436,95895	-98
437,49216	-10
438,02536	64
438,55853	133
439,09171	-2
439,62485	16
440,15796	-71
440,69107	-35
441,22415	-33
441,7572	-108
442,29025	84
442,8233	115
443,35629	101
443,88928	-116
444,42227	-73
444,9552	-164
445,48816	-11
446,02106	-79
446,55396	-46
447,08682	-81
447,61969	15
448,15253	22
448,68536	-38
449,21814	-176
449,75095	27
450,28369	-16
450,81644	48
451,34918	-39
451,88187	-108
452,41455	23
452,94724	-70
453,47989	36
454,01251	-167
454,54514	-55
455,07773	6
455,61029	8
456,14285	-57
456,67538	-99
457,20792	138
457,74039	-130
458,27289	37
458,80533	37
459,33777	-72
459,87021	-28
460,40262	-22
460,935	-31
461,46738	43
461,99969	55
462,53204	26
463,06436	55
463,59665	120
464,12891	-98
464,66116	-74
465,19339	47
465,72562	0
466,25781	-88
466,78998	-39
467,32214	27
467,85428	90
468,38641	-145
468,91852	-48
469,45059	185
469,98267	42
470,51471	-67
471,04672	93
471,57874	33
472,11072	151
472,6427	77
473,17465	-17
473,70657	122
474,23849	-30
474,77039	-119
475,30225	24
475,83411	-85
476,36594	-39
476,89777	125
477,42957	27
477,96133	-28
478,4931	62
479,02484	-15
479,55658	2
480,08829	-53
480,61996	3
481,15164	-47
481,68329	-167
482,2149	-31
482,74652	8
483,27811	90
483,80969	70
484,34122	-54
484,87277	-81
485,40427	-35
485,93579	8
486,46725	42
486,99872	50
487,53015	-100
488,06158	-43
488,59299	40
489,12436	23
489,65573	112
490,18707	92
490,71838	35
491,24969	-135
491,78101	-7
492,31226	22
492,84351	-35
493,37476	-134
493,90598	-14
494,43716	51
494,96832	5
495,49948	-187
496,03061	-50
496,56174	-53
497,09283	-16
497,62393	-86
498,155	101
498,68604	19
499,21704	114
499,74805	-55
500,27905	42
500,81	11
501,34097	30
501,87189	21
502,4028	-64
502,93369	-48
503,46457	-44
503,99542	18
504,52625	-135
505,05707	-33
505,58786	-53
506,11865	-7
506,64941	127
507,18015	-92
507,71088	-18
508,24158	-22
508,77225	-46
509,30292	-59
509,83356	-17
510,3642	-43
510,89481	-52
511,42538	-175
511,95596	-18
512,48651	-155
513,01703	-41
513,54755	-101
514,07806	120
514,60852	-31
515,13898	-79
515,66943	-38
516,19983	14
516,73022	-40
517,26062	-33
517,79095	-66
518,32135	13
518,85162	75
519,38196	2
519,91223	-25
520,4425	177
520,97278	-3
521,50299	152
522,0332	-41
522,56342	-86
523,09357	96
523,62372	-169
524,15387	-30
524,68396	-107
525,21405	-23
525,74414	-79
526,27423	82
526,80426	-73
527,33429	6
527,86426	-104
528,39429	-3
528,92426	-5
529,45416	72
529,98413	-3
530,51404	65
531,04388	-80
531,57379	82
532,10364	12
532,63348	108
533,16327	88
533,69305	-35
534,22284	68
534,75262	-180
535,28235	-13
535,81207	38
536,34174	15
536,87146	-115
537,40112	107
537,93073	-89
538,46039	53
538,98999	-124
539,51959	64
540,04913	-104
540,57867	43
541,10822	64
541,6377	-42
542,16724	44
542,69672	-49
543,22614	-85
543,75555	78
544,28497	-99
544,81439	61
545,34375	2
545,87311	-62
546,40247	-23
546,93182	-6
547,46112	13
547,99042	7
548,51965	-175
549,04889	67
549,57813	-53
550,10736	-57
550,63654	-94
551,16571	59
551,69482	-104
552,224	-121
552,75311	9
553,28223	81
553,81128	11
554,34033	-62
554,86938	-66
555,39838	7
555,92737	-43
556,45636	136
556,98535	-165
557,51428	-21
558,04321	-4
558,57214	-76
559,10101	-113
559,62988	62
560,15869	128
560,68756	-7
561,21637	-22
561,74518	6
562,27393	16
562,80267	-94
563,33142	-4
563,86017	-146
564,38885	50
564,91754	10
565,44617	-82
565,97479	135
566,50342	-19
567,03204	-43
567,56061	131
568,08917	29
568,61774	-53
569,1463	-79
569,6748	-11
570,20325	18
570,73175	-23
571,26019	52
571,78864	-140
572,31708	-108
572,84546	-35
573,37384	55
573,90216	24
574,43054	122
574,95886	-36
575,48712	-125
576,01544	-78
576,5437	-22
577,07196	-49
577,60016	-18
578,12836	-18
578,65656	56
579,18475	158
579,71289	16
580,24103	-79
580,7691	-58
581,29724	-40
581,82532	99
582,35333	-69
582,88141	-27
583,40942	64
583,93738	-116
584,46539	64
584,99335	-6
585,5213	-27
586,04919	-32
586,57709	17
587,10498	14
587,63287	-161
588,16071	-35
588,68854	24
589,21637	-55
589,74414	120
590,27191	34
590,79968	56
591,32739	-34
591,8551	12
592,38281	11
592,91052	1
593,43817	-89
593,96582	-37
594,49341	7
595,021	0
595,54858	-66
596,07617	-174
596,6037	-12
597,13123	-95
597,65875	-107
598,18622	135
598,71368	77
599,24115	60
599,76855	14
600,29602	37
600,82336	-149
601,35077	-117
601,87811	42
602,40546	-28
602,9328	-58
603,46008	-69
603,98737	-41
604,51465	54
605,04187	-139
605,56909	91
606,09631	140
606,62347	0
607,15063	46
607,6778	26
608,2049	61
608,73206	40
609,25916	63
609,78619	-118
610,31323	-45
610,84027	-47
611,36731	-14
611,89429	0
612,42126	-52
612,94824	-65
613,47516	-27
614,00208	-28
614,52899	60
615,05591	-24
615,58276	-75
616,10962	-153
616,63641	26
617,16321	25
617,69	11
618,2168	-47
618,74353	136
619,27026	9
619,797	24
620,32367	-82
620,85034	19
621,37701	-56
621,90369	32
622,4303	109
622,95685	-50
623,48346	-4
624,01001	0
624,53656	-154
625,06311	-36
625,5896	44
626,11609	10
626,64258	58
627,16901	-95
627,69543	-91
628,22186	-79
628,74823	104
629,2746	-28
629,80096	-42
630,32727	93
630,85364	-65
631,37988	-36
631,90619	-1
632,43243	-1
632,95868	30
633,48492	-14
634,01111	118
634,53729	-122
635,06348	-3
635,5896	123
636,11572	48
636,64185	-172
637,16791	19
637,69403	-113
638,22003	-22
638,74609	94
639,27209	-68
639,7981	115
640,3241	100
640,85004	-84
641,37598	-36
641,90192	-22
642,4278	7
642,95367	89
643,47955	-7
644,00537	-72
644,53119	-142
645,05701	34
645,58282	-10
646,10858	-14
646,63434	-47
647,16003	103
647,68573	-57
648,21143	-119
648,73712	-10
649,26276	-55
649,78839	35
650,31403	-16
650,83966	-39
651,36523	-9
651,89075	-37
652,41632	-55
652,94183	79
653,46735	45
653,9928	-64
654,51831	-41
655,04376	-21
655,56915	44
656,09454	-54
656,61993	-133
657,14532	125
657,67072	45
658,19604	-54
658,72131	35
659,24664	-101
659,77191	-15
660,29718	-33
660,82239	-399
661,3476	31
661,8728	-43
662,39801	53
662,92316	49
663,4483	-14
663,97345	153
664,49854	-69
665,02362	64
665,54871	49
666,07373	64
666,59875	165
667,12378	-15
667,6488	29
668,17377	65
668,69873	-6
669,22363	-35
669,7486	119
670,2735	72
670,79834	186
671,32324	106
671,84808	82
672,37286	62
672,89771	-9
673,42249	162
673,9472	223
674,47198	113
674,9967	192
675,52142	209
676,04608	322
676,5708	325
677,09546	224
677,62006	429
678,14471	291
678,66925	326
679,19385	-85
679,71844	590
680,24298	578
680,76746	673
681,29199	898
681,81647	1280
682,34094	1536
682,86536	1939
683,38977	2289
683,91418	2896
684,4386	3424
684,96295	3940
685,4873	4595
686,01166	5082
686,53595	5715
687,06024	6444
687,58453	6950
688,10876	7665
688,633	8366
689,15723	9149
689,68146	10045
690,20563	11219
690,7298	12671
691,25391	14566
691,77802	16772
692,30212	19395
692,82623	22366
693,35028	25651
693,87433	28689
694,39838	31639
694,92236	34272
695,44635	36414
695,97034	37588
696,49432	37740
697,01825	37288
697,54218	35667
698,06604	33453
698,5899	30542
699,11377	27750
699,63763	24318
700,16144	21112
700,68524	18444
701,20905	15798
701,73279	13574
702,25653	11729
702,78027	10087
703,30396	8797
703,82764	7747
704,35132	6782
704,875	6081
705,39862	5504
705,92224	4917
706,4458	4579
706,96942	4005
707,49298	3700
708,01648	3126
708,54004	3057
709,06354	2708
709,58698	2369
710,11047	2162
710,63391	1789
711,15735	1489
711,68073	1494
712,2041	1277
712,72748	1165
713,25085	1134
713,77417	881
714,29749	907
714,82074	668
715,34406	610
715,86731	471
716,3905	363
716,91376	375
717,43695	238
717,96008	303
718,48328	401
719,00641	250
719,52954	350
720,05261	314
720,57574	205
721,09882	242
721,62183	175
722,14484	75
722,66785	205
723,19086	102
723,71381	21
724,23676	102
724,7597	34
725,28265	112
725,80554	84
726,32837	-16
726,85126	15
727,37408	-13
727,89691	63
728,41968	128
728,9425	42
729,46527	-24
729,98798	107
730,51074	122
731,03345	63
731,55609	-20
732,0788	-7
732,60144	15
733,12408	-160
733,64667	58
734,16925	109
734,69183	13
735,21442	-32
735,73694	164
736,25946	-23
736,78192	27
737,30444	57
737,8269	-46
738,3493	39
738,87177	-5
739,39417	-14
739,9165	-33
740,4389	-94
740,96124	53
741,48358	-19
742,00586	7
742,52814	-176
743,05042	15
743,57269	-129
744,09491	48
744,61713	62
745,13934	-28
745,6615	28
746,18365	1
746,70581	-103
747,22791	31
747,75	-138
748,27209	20
748,79419	-33
749,31622	23
749,83826	-84
750,36023	38
750,8822	-91
751,40417	76
751,92615	-48
752,44806	-67
752,96997	-24
753,49188	-108
754,01373	-14
754,53558	76
755,05743	-24
755,57928	41
756,10107	-118
756,62286	39
757,14459	170
757,66632	-2
758,18805	-97
758,70978	-28
759,23145	-65
759,75311	-70
760,27478	-76
760,79639	-177
761,31799	44
761,8396	-65
762,36115	-34
762,88269	-29
763,40424	2
763,92578	-8
764,44727	70
764,96875	-117
765,49017	4
766,01166	29
766,53308	-51
767,05444	78
767,57587	37
768,09723	56
768,61853	-54
769,13989	-36
769,66119	31
770,1825	84
770,70374	27
771,22498	49
771,74622	-3
772,26746	33
772,78864	-17
773,30981	-51
773,83093	3
774,35211	-131
774,87323	-174
775,39429	-40
775,91541	-73
776,43646	24
776,95746	-27
777,47852	-95
777,99951	-33
778,52051	-15
779,04144	-45
779,56244	40
780,08331	22
780,60425	31
781,12512	-39
781,646	78
782,16687	-87
782,68768	-46
783,2085	-105
783,72931	-29
784,25006	52
784,77087	100
785,29156	39
785,81232	-90
786,33301	-30
786,8537	-52
787,37433	-37
787,89502	-46
788,41565	17
788,93622	-83
789,45685	86
789,97742	49
790,49792	-32
791,01849	91
791,539	-60
792,05945	-16
792,57996	-1
793,1004	-17
793,62085	-110
794,14124	-115
794,66168	-120
795,18207	-44
795,70239	-2
796,22272	69
796,74304	95
797,26337	-71
797,78363	-62
798,30396	21
798,82416	-8
799,34442	-83
799,86462	-48
800,38483	-95
800,90497	-40
801,42511	-30
801,94525	45
802,46539	-46
802,98547	-2
803,50555	72
804,02563	-22
804,54565	-38
805,06567	-21
805,58569	-85
806,10565	94
806,62561	-10
807,14557	97
807,66553	107
808,18542	-132
808,70532	-2
809,22516	40
809,745	53
810,26483	173
810,78467	-27
811,30444	-10
811,82422	-72
812,34399	-113
812,86371	74
813,38342	70
813,90314	-21
814,42279	10
814,9425	93
815,4621	22
815,98175	26
816,50134	204
817,02094	-73
817,54053	-158
818,06006	-42
818,57959	30
819,09912	56
819,61859	-28
820,13806	112
820,65753	40
821,17694	-31
821,69635	18
822,21576	54
822,73517	19
823,25452	-2
823,77386	-49
824,29315	-24
824,81244	-61
825,33173	-31
825,85101	-26
826,37024	27
826,88947	-99
827,40869	-27
827,92786	112
828,44708	7
828,96619	-7
829,48535	-14
830,00446	169
830,52356	-63
831,0426	241
831,56171	69
832,08069	-161
832,59973	92
833,11871	69
833,6377	-114
834,15668	-53
834,6756	5
835,19452	126
835,71344	78
836,23236	3
836,75122	-169
837,27008	75
837,78888	-44
838,30768	90
838,82648	75
839,34528	131
839,86401	39
840,38275	-99
840,90149	-38
841,42017	-113
841,93884	35
842,45752	-103
842,97614	-84
843,49475	-58
844,01337	-72
844,53198	-59
845,05054	-50
845,56909	-181
846,08759	-45
846,60608	15
847,12457	41
847,64307	20
848,1615	-70
848,67993	119
849,19836	-85
849,71674	-58
850,23511	-119
850,75348	-20
851,27185	-92
851,79016	80
852,30847	40
852,82672	152
853,34497	39
853,86322	50
854,38147	-100
854,89966	-39
855,41785	69
855,93604	-109
856,45416	-66
856,97229	12
857,49042	-114
858,00848	8
858,52661	-89
859,04462	6
859,56268	-115
860,08069	22
860,59869	56
861,11664	92
861,63464	36
862,15259	-10
862,67047	12
863,18842	6
863,7063	3
864,22412	-129
864,742	-4
865,25983	-36
865,77765	-88
866,29541	40
866,81317	47
867,33093	27
867,84869	18
868,36639	-162
868,88409	-56
869,40179	89
869,91943	144
870,43707	-62
870,95471	-36
871,47229	-34
871,98987	-42
872,50745	50
873,02496	0
873,54248	-54
874,06	78
874,57751	0
875,09497	-2
875,61243	-6
876,12982	-16
876,64728	62
877,16467	-102
877,68201	37
878,1994	-130
878,71674	-5
879,23401	-30
879,75134	-19
880,26862	51
880,78589	107
881,3031	-74
881,82031	90
882,33752	129
882,85474	4
883,37189	40
883,88904	48
884,40619	-123
884,92328	-73
885,44037	24
885,95746	-25
886,47449	-54
886,99152	-131
887,50854	47
888,02551	-62
888,54254	-2
889,05945	-58
889,57642	65
890,09332	-15
890,61023	-12
891,12714	31
891,64398	-109
892,16083	-47
892,67767	102
893,19446	3
893,71124	-11
894,22803	24
894,74475	51
895,26147	55
895,7782	-9
896,29492	-53
896,81158	87
897,32825	86
897,84485	85
898,36151	19
898,87811	-96
899,39465	-3
899,91125	22
900,4278	-69
900,94427	92
901,46082	-60
901,97729	-107
902,49377	-89
903,01019	37
903,52661	-104
904,04303	78
904,55945	70
905,07581	-143
905,59216	-38
906,10852	17
906,62482	191
907,14111	22
907,65741	-117
908,17365	18
908,68988	-58
909,20612	-61
909,72229	-46
910,23846	-118
910,75464	-52
911,27081	106
911,78693	-67
912,30304	69
912,81909	28
913,33521	4
913,85126	-65
914,36725	-21
914,8833	90
915,39929	-5
915,91528	-50
916,43121	111
916,94714	-25
917,46307	103
917,97894	-28
918,49487	-126
919,01068	93
919,52655	-69
920,04236	-11
920,55817	54
921,07397	-43
921,58972	36
922,10547	-6
922,62122	19
923,1369	-2
923,65259	-32
924,16827	-42
924,68396	-16
925,19958	-81
925,71521	-11
926,23077	134
926,74634	32
927,2619	-27
927,77747	3
928,29297	8
928,80847	-40
929,32397	43
929,83942	-68
930,35486	54
930,8703	94
931,38574	143
931,90112	-66
932,4165	32
932,93182	-98
933,44714	23
933,96246	-76
934,47778	52
934,99304	-407
935,5083	44
936,02356	-35
936,53876	-13
937,05396	-116
937,56915	52
938,08429	-15
938,59943	-87
939,11456	-2
939,6297	-164
940,14478	-46
940,65985	43
941,17487	-80
941,68988	-205
942,2049	56
942,71991	-53
943,23486	-91
943,74982	6
944,26477	-40
944,77966	-107
945,29462	49
945,80945	28
946,32434	-87
946,83917	105
947,354	1
947,86877	-119
948,38361	3
948,89832	-91
949,41309	-44
949,9278	56
950,4425	0
950,95721	132
951,47186	-120
951,98651	-45
952,50116	-103
953,01581	-29
953,5304	-36
954,04498	35
954,55951	-78
955,07404	-15
955,58856	-46
956,10309	-58
956,61755	90
957,13202	118
957,64648	45
958,16089	41
958,67529	-82
959,1897	-134
959,70404	-40
960,21838	60
960,73273	-50
961,24701	-45
961,76135	-25
962,27563	-47
962,78986	-107
963,30408	6
963,8183	58
964,33252	124
964,84668	11
965,36084	30
965,875	-93
966,3891	-24
966,9032	160
967,4173	27
967,9314	-93
968,44543	44
968,95947	-101
969,47345	32
969,98743	-27
970,5014	-122
971,01538	37
971,5293	18
972,04321	178
972,55713	-3
973,07098	44
973,58484	-14
974,09869	-88
974,61249	31
975,12628	18
975,64008	-48
976,15387	-5
976,6676	80
977,18134	19
977,69501	47
978,20874	-44
978,72241	-67
979,23602	112
979,74969	-30
980,26331	9
980,77686	-7
981,29047	39
981,80402	-133
982,31757	-4
982,83105	-116
983,34454	22
983,85803	-44
984,37152	-112
984,88495	17
985,39838	25
985,91174	-6
986,42517	-104
986,93854	-30
987,45184	27
987,96521	-41
988,47852	39
988,99176	9
989,50507	-41
990,01831	-14
990,53156	-18
991,04474	-47
991,55798	24
992,07111	-57
992,58429	-46
993,09741	-19
993,61053	87
994,12366	-46
994,63672	25
995,14978	-159
995,66284	-25
996,17584	-43
996,6889	77
997,20184	31
997,71484	11
998,22778	53
998,74072	113
999,2536	-90
999,76654	81
1000,2794	-71
1000,7922	-134
1001,3051	-75
1001,8179	-70
1002,3307	-7
1002,8435	-36
1003,3563	-30
1003,869	-6
1004,3817	-35
1004,8944	-19
1005,4071	14
1005,9198	60
1006,4324	30
1006,9451	-98
1007,4576	100
1007,9703	-37
1008,4828	-90
1008,9954	-18
1009,5079	9
1010,0204	28
1010,5329	-46
1011,0454	-89
1011,5579	114
1012,0703	-6
1012,5827	3
1013,0952	-19
1013,6075	-29
1014,1199	-75
1014,6322	-55
1015,1445	7
1015,6569	25
1016,1691	-41
1016,6814	85
1017,1937	72
1017,7059	-80
1018,2181	56
1018,7303	121
1019,2425	12
1019,7546	-15
1020,2668	-4
1020,7789	48
1021,291	-29
1021,803	-43
1022,3151	104
1022,8271	83
1023,3392	-77
1023,8512	-33
1024,3632	-17
1024,8751	-26
1025,3871	-17
1025,899	-81
1026,4109	-43
1026,9229	-82
1027,4347	102
1027,9465	52
1028,4584	105
1028,9702	14
1029,4821	31
1029,9938	19
1030,5055	39
1031,0173	-2
1031,5291	-1
1032,0406	-63
1032,5524	34
1033,0641	-142
1033,5757	33
1034,0873	19
1034,599	111
1035,1105	71
1035,6221	-48
1036,1337	34
1036,6451	81
1037,1567	68
1037,6682	73
1038,1797	-145
1038,6912	19
1039,2025	43
1039,714	14
1040,2253	-172
1040,7368	-24
1041,2482	-17
1041,7595	29
1042,2708	-36
1042,7821	-9
1043,2933	-8
1043,8047	1
1044,3159	-54
1044,8271	-25
1045,3384	-50
1045,8495	-17
1046,3607	28
1046,8718	-10
1047,3831	-86
1047,8942	57
1048,4052	-25
1048,9163	48
1049,4274	-94
1049,9384	89
1050,4495	-37
1050,9604	126
1051,4714	32
1051,9824	-19
1052,4933	11
1053,0043	-85
1053,5151	39
1054,026	50
1054,5369	-31
1055,0477	-155
1055,5586	74
1056,0695	-65
1056,5802	65
1057,0909	43
1057,6017	52
1058,1124	-172
1058,6232	-97
1059,1339	-50
1059,6445	-11
1060,1553	30
1060,6659	84
1061,1765	-56
1061,6871	-6
1062,1978	14
1062,7083	51
1063,2189	1
1063,7294	-100
1064,2399	-100
1064,7504	-15
1065,2609	94
1065,7712	-72
1066,2817	-72
1066,7921	-48
1067,3025	20
1067,8129	26
1068,3232	-119
1068,8336	8
1069,344	64
1069,8542	-44
1070,3645	-45
1070,8748	57
1071,385	-125
1071,8953	-66
1072,4055	-23
1072,9156	112
1073,4258	14
1073,936	-50
1074,4462	-65
1074,9562	-58
1075,4663	-32
1075,9764	108
1076,4865	-45
1076,9965	152
1077,5065	-122
1078,0165	-64
1078,5265	23
1079,0365	-2
1079,5464	-84
1080,0564	-43
1080,5663	-99
1081,0762	96
1081,5861	106
1082,0958	-42
1082,6057	64
1083,1155	-44
1083,6252	19
1084,135	-24
1084,6448	-117
1085,1545	58
1085,6643	23
1086,174	-35
1086,6836	-68
1087,1934	-93
1087,703	-57
1088,2125	7
1088,7222	59
1089,2318	32
1089,7413	-44
1090,2509	0
1090,7604	18
1091,2699	-96
1091,7794	-96
1092,2888	-49
1092,7983	-47
1093,3077	-42
1093,8171	-48
1094,3265	47
1094,8359	-71
1095,3453	11
1095,8546	34
1096,364	-23
1096,8733	5
1097,3826	45
1097,8918	77
1098,4011	-25
1098,9103	-18
1099,4196	-4
1099,9287	-3
1100,4379	-142
