Date and Time:                Wed Mar 26 12:35:17.545 2025
Software Version:             4.32.30137.0
Unstabilized Temperature (C): 22,646
Model:                        DU970P_BVF
Data Type:                    Counts (Bg Corrected)
Acquisition Mode:             Accumulate
Trigger Mode:                 Internal
Exposure Time (secs):         1
Accumulate Cycle Time (secs): 1
Frequency (Hz):               1
Number of Accumulations:      10
Readout Mode:                 Full Vertical Binning
Horizontal binning:           1
Shutter Mode:                 Permanently OPEN
TTL level:                    High
Time to open:                 27 ms
Time to close:                27 ms
Extended Data Range:          off
Horizontally flipped:         false
Vertical Shift Speed (usecs): 9,68
Pixel Readout Rate (MHz):     0,05
Baseline Clamp:               ON
Clock Amplitude:              Normal
Output Amplifier:             Electron Multiplying
EM DAC level:                 0
Serial Number:                CCD-28289
Pre-Amplifier Gain:           1x
Spurious Noise Filter Mode:   No Filter
Photon counted:               false
Data Averaging Filter Mode:   No Filter
KY193i:
Serial Number:                KY-3589
Wavelength (nm):              711,54
Grating Groove Density (l/mm):150
Grating Blaze:                500nm
Output Flipper Port:          Direct



262,12247	61
262,66187	-100
263,2012	-62
263,74057	-72
264,27988	-298
264,81918	67
265,35846	-14
265,89774	16
266,43698	-142
266,97623	-864
267,51544	-98
268,05463	-126
268,59378	-96
269,13293	-129
269,67209	-58
270,21118	-21
270,75031	-16
271,28937	50
271,82843	-104
272,36746	-77
272,90649	-130
273,4455	-170
273,98447	-47
274,52344	-567
275,06238	1
275,60132	41
276,14023	-48
276,67911	-108
277,21799	-57
277,75684	-163
278,29565	-34
278,83447	-146
279,37326	145
279,91205	-122
280,45081	-174
280,98953	-152
281,52826	-77
282,06696	-88
282,60565	26
283,14429	81
283,68295	-31
284,22156	-76
284,76016	12
285,29877	-42
285,83731	-194
286,37589	-87
286,9144	-252
287,45291	-205
287,99139	21
288,52988	96
289,06833	-118
289,60678	-115
290,14517	-32
290,68359	-23
291,22195	26
291,76031	54
292,29865	-33
292,83698	-46
293,37527	-110
293,91357	-63
294,45184	-78
294,99008	-144
295,52832	-103
296,06653	-62
296,60471	-99
297,14288	-161
297,68103	-82
298,21915	-178
298,75726	-6
299,29538	-78
299,83344	-89
300,37149	-75
300,90955	60
301,44754	-161
301,98557	49
302,52353	-89
303,06149	-86
303,59946	-70
304,13736	-9
304,67526	122
305,21317	-109
305,75104	-13
306,28888	19
306,82672	-210
307,36453	101
307,90231	-10
308,44009	81
308,97784	-31
309,51556	3
310,05328	-179
310,591	51
311,12866	-58
311,66632	-18
312,20398	-40
312,74158	-116
313,27921	48
313,81677	-40
314,35434	-22
314,89188	21
315,42941	-18
315,96692	-112
316,50443	-28
317,0419	-33
317,57935	-109
318,11676	-82
318,65417	-21
319,19159	46
319,72894	138
320,26633	-59
320,80365	-159
321,34097	-97
321,87827	3
322,41556	-135
322,95282	-44
323,49005	-85
324,02728	-28
324,56448	24
325,10168	-74
325,63885	-35
326,17599	-16
326,71313	-140
327,25024	-113
327,78732	-147
328,3244	-53
328,86145	-174
329,3985	-199
329,93552	-42
330,4725	-159
331,00949	-62
331,54645	-14
332,0834	-113
332,62033	-59
333,15723	-149
333,69409	94
334,23099	-17
334,76782	-151
335,30466	-93
335,84146	-167
336,37823	-169
336,91501	126
337,45178	-196
337,98849	62
338,52521	-162
339,06192	64
339,5986	-128
340,13525	-49
340,67188	-99
341,2085	-188
341,74512	-98
342,28168	-138
342,81827	-21
343,3548	-90
343,89133	-3
344,42783	142
344,96432	-8
345,50079	-100
346,03723	-140
346,57367	-59
347,11008	6
347,64648	-10
348,18286	-131
348,71921	20
349,25555	72
349,79187	68
350,32816	12
350,86444	-52
351,4007	-67
351,93695	-103
352,47318	-41
353,00937	-80
353,54556	-24
354,08173	57
354,61786	137
355,15399	-160
355,69009	-234
356,2262	-110
356,76227	-47
357,29831	-28
357,83435	29
358,37036	-70
358,90637	-101
359,44235	37
359,9783	21
360,51425	-101
361,05017	-59
361,58606	-195
362,12195	14
362,65781	-9
363,19366	88
363,72949	59
364,26529	-39
364,80109	-57
365,33685	-26
365,87259	26
366,40833	-76
366,94403	-45
367,47974	7
368,01541	-20
368,55106	7
369,0867	-84
369,62231	68
370,15793	-23
370,69351	-7
371,22906	-53
371,76462	32
372,30014	-56
372,83563	-43
373,37112	-102
373,90659	123
374,44205	111
374,97745	-53
375,51288	-36
376,04828	-13
376,58365	-97
377,11899	-155
377,65433	-60
378,18964	32
378,72495	-79
379,26022	-52
379,79547	-111
380,33072	-61
380,86594	-23
381,40112	4
381,93631	-73
382,4715	-49
383,00662	-156
383,54175	-170
384,07687	10
384,61194	-5
385,14703	-168
385,68207	-56
386,2171	-173
386,75211	-65
387,28711	-232
387,82208	-151
388,35706	-80
388,89197	-92
389,42691	-12
389,96179	-33
390,49667	-152
391,03156	-2
391,56638	-10
392,1012	-103
392,63602	-179
393,17081	-54
393,70557	-67
394,24033	-3
394,77505	6
395,30975	-14
395,84445	-66
396,37912	-104
396,91379	-76
397,44843	-2
397,98303	17
398,51764	-106
399,05222	10
399,58676	-15
400,12131	-97
400,65582	-37
401,19034	-60
401,72482	27
402,25928	48
402,79373	-11
403,32816	-46
403,86255	-2
404,39694	29
404,9313	-8
405,46567	-43
406	-69
406,5343	-111
407,0686	-110
407,60287	38
408,13715	58
408,67139	50
409,2056	-184
409,73981	-247
410,27399	-175
410,80814	-95
411,34229	-28
411,8764	-35
412,41052	-178
412,94461	-32
413,47867	-84
414,01273	-82
414,54675	-140
415,08075	-189
415,61475	-112
416,14874	-191
416,68268	-52
417,21661	24
417,75055	-89
418,28442	-80
418,8183	-76
419,35217	-109
419,88602	-98
420,41983	-45
420,95364	-44
421,48743	-113
422,02118	-120
422,55493	-166
423,08865	-75
423,62238	10
424,15607	47
424,68973	-143
425,22339	-213
425,75702	17
426,29062	-32
426,82422	-167
427,35779	14
427,89136	84
428,4249	-52
428,9584	62
429,49191	-18
430,02539	-52
430,55887	-180
431,09232	46
431,62573	-74
432,15915	-122
432,69254	25
433,22589	-24
433,75925	13
434,29257	-50
434,8259	-68
435,35919	33
435,89246	-140
436,42572	-65
436,95895	79
437,49216	7
438,02536	44
438,55853	68
439,09171	74
439,62485	-8
440,15796	-94
440,69107	-185
441,22415	-19
441,7572	-79
442,29025	-89
442,8233	-21
443,35629	-142
443,88928	-50
444,42227	-5
444,9552	12
445,48816	-45
446,02106	-78
446,55396	-86
447,08682	-88
447,61969	15
448,15253	-107
448,68536	21
449,21814	27
449,75095	-103
450,28369	4
450,81644	-126
451,34918	-64
451,88187	-42
452,41455	38
452,94724	-123
453,47989	-11
454,01251	-23
454,54514	-157
455,07773	3
455,61029	79
456,14285	-14
456,67538	-205
457,20792	-23
457,74039	-154
458,27289	-61
458,80533	-19
459,33777	-121
459,87021	-118
460,40262	-158
460,935	-74
461,46738	1
461,99969	-113
462,53204	3
463,06436	-8
463,59665	-92
464,12891	-30
464,66116	-127
465,19339	-80
465,72562	-158
466,25781	-47
466,78998	-40
467,32214	62
467,85428	-62
468,38641	-122
468,91852	-53
469,45059	-165
469,98267	-123
470,51471	-240
471,04672	-15
471,57874	-69
472,11072	-69
472,6427	-186
473,17465	-40
473,70657	-147
474,23849	-107
474,77039	-16
475,30225	-152
475,83411	-85
476,36594	-124
476,89777	-7
477,42957	-76
477,96133	-182
478,4931	-70
479,02484	15
479,55658	60
480,08829	-48
480,61996	-43
481,15164	-39
481,68329	-92
482,2149	-51
482,74652	-114
483,27811	-104
483,80969	122
484,34122	10
484,87277	-115
485,40427	46
485,93579	20
486,46725	2
486,99872	-140
487,53015	20
488,06158	-41
488,59299	-75
489,12436	47
489,65573	-43
490,18707	-949
490,71838	-116
491,24969	-55
491,78101	-96
492,31226	-58
492,84351	13
493,37476	-78
493,90598	-59
494,43716	21
494,96832	26
495,49948	-66
496,03061	502
496,56174	-26
497,09283	-104
497,62393	-15
498,155	-105
498,68604	23
499,21704	-45
499,74805	-143
500,27905	-62
500,81	-99
501,34097	-50
501,87189	4
502,4028	-76
502,93369	-18
503,46457	-140
503,99542	-22
504,52625	-127
505,05707	-32
505,58786	-151
506,11865	80
506,64941	-36
507,18015	-12
507,71088	-155
508,24158	14
508,77225	-137
509,30292	-152
509,83356	-37
510,3642	43
510,89481	-33
511,42538	-92
511,95596	-42
512,48651	71
513,01703	114
513,54755	-25
514,07806	-50
514,60852	33
515,13898	-7
515,66943	-28
516,19983	-64
516,73022	-81
517,26062	-9
517,79095	-73
518,32135	22
518,85162	-154
519,38196	-119
519,91223	-57
520,4425	-64
520,97278	-109
521,50299	-76
522,0332	-36
522,56342	-62
523,09357	-75
523,62372	-87
524,15387	-68
524,68396	-149
525,21405	-95
525,74414	2
526,27423	25
526,80426	-170
527,33429	-44
527,86426	-3
528,39429	-14
528,92426	-97
529,45416	-39
529,98413	-63
530,51404	-86
531,04388	-119
531,57379	-50
532,10364	-8
532,63348	-42
533,16327	-26
533,69305	-146
534,22284	-157
534,75262	46
535,28235	9
535,81207	-160
536,34174	3
536,87146	-88
537,40112	127
537,93073	-84
538,46039	-39
538,98999	-6
539,51959	-2
540,04913	-85
540,57867	-167
541,10822	-2
541,6377	20
542,16724	-198
542,69672	37
543,22614	95
543,75555	-84
544,28497	126
544,81439	-176
545,34375	-91
545,87311	-18
546,40247	-48
546,93182	-24
547,46112	-2
547,99042	-45
548,51965	-83
549,04889	-49
549,57813	-23
550,10736	41
550,63654	-53
551,16571	-96
551,69482	0
552,224	-95
552,75311	-140
553,28223	38
553,81128	-2
554,34033	85
554,86938	-134
555,39838	-12
555,92737	-20
556,45636	-49
556,98535	-63
557,51428	-230
558,04321	-79
558,57214	-73
559,10101	-196
559,62988	-43
560,15869	-105
560,68756	-187
561,21637	10
561,74518	-30
562,27393	56
562,80267	-195
563,33142	88
563,86017	-104
564,38885	-236
564,91754	-85
565,44617	-169
565,97479	-87
566,50342	-270
567,03204	-57
567,56061	-195
568,08917	-48
568,61774	-118
569,1463	-109
569,6748	-103
570,20325	-155
570,73175	-63
571,26019	-114
571,78864	-69
572,31708	-153
572,84546	-111
573,37384	57
573,90216	-33
574,43054	-32
574,95886	-126
575,48712	-46
576,01544	-61
576,5437	-201
577,07196	12
577,60016	-24
578,12836	-103
578,65656	-53
579,18475	121
579,71289	14
580,24103	-119
580,7691	26
581,29724	-107
581,82532	-135
582,35333	-80
582,88141	-29
583,40942	-37
583,93738	-37
584,46539	33
584,99335	-106
585,5213	81
586,04919	110
586,57709	29
587,10498	-197
587,63287	-57
588,16071	-31
588,68854	-23
589,21637	-87
589,74414	-95
590,27191	-74
590,79968	-193
591,32739	-178
591,8551	-66
592,38281	20
592,91052	-222
593,43817	-2
593,96582	6
594,49341	-20
595,021	-9
595,54858	-80
596,07617	-122
596,6037	-54
597,13123	-70
597,65875	-141
598,18622	-22
598,71368	-158
599,24115	-101
599,76855	-64
600,29602	-13
600,82336	111
601,35077	-1
601,87811	-110
602,40546	-64
602,9328	-42
603,46008	-150
603,98737	-35
604,51465	-72
605,04187	-65
605,56909	-76
606,09631	-37
606,62347	-87
607,15063	-70
607,6778	-83
608,2049	-41
608,73206	-41
609,25916	-16
609,78619	29
610,31323	-169
610,84027	-75
611,36731	-110
611,89429	-10
612,42126	-16
612,94824	22
613,47516	-74
614,00208	-184
614,52899	-80
615,05591	66
615,58276	-22
616,10962	-68
616,63641	-151
617,16321	-85
617,69	10
618,2168	-59
618,74353	-174
619,27026	-95
619,797	-9
620,32367	-43
620,85034	-121
621,37701	-188
621,90369	-5
622,4303	-3
622,95685	-69
623,48346	-42
624,01001	-39
624,53656	97
625,06311	-65
625,5896	-68
626,11609	-209
626,64258	-139
627,16901	-207
627,69543	-180
628,22186	-28
628,74823	-52
629,2746	-9
629,80096	7
630,32727	-142
630,85364	94
631,37988	-171
631,90619	67
632,43243	2
632,95868	-111
633,48492	54
634,01111	-38
634,53729	-107
635,06348	-70
635,5896	2
636,11572	96
636,64185	-109
637,16791	-45
637,69403	-79
638,22003	-67
638,74609	-174
639,27209	-26
639,7981	18
640,3241	-137
640,85004	-37
641,37598	-158
641,90192	-38
642,4278	1
642,95367	42
643,47955	-15
644,00537	1
644,53119	-51
645,05701	-9
645,58282	-3
646,10858	-158
646,63434	-153
647,16003	-16
647,68573	-107
648,21143	84
648,73712	65
649,26276	-57
649,78839	-69
650,31403	-20
650,83966	-80
651,36523	-156
651,89075	-94
652,41632	-208
652,94183	-30
653,46735	-88
653,9928	66
654,51831	-67
655,04376	-26
655,56915	-38
656,09454	-73
656,61993	-5
657,14532	-15
657,67072	49
658,19604	52
658,72131	-68
659,24664	15
659,77191	-149
660,29718	-92
660,82239	-41
661,3476	-73
661,8728	-51
662,39801	-88
662,92316	144
663,4483	-89
663,97345	-7
664,49854	93
665,02362	-10
665,54871	-80
666,07373	-46
666,59875	-10
667,12378	-92
667,6488	-35
668,17377	116
668,69873	182
669,22363	17
669,7486	-78
670,2735	88
670,79834	-85
671,32324	-26
671,84808	-70
672,37286	171
672,89771	90
673,42249	156
673,9472	53
674,47198	152
674,9967	55
675,52142	79
676,04608	144
676,5708	38
677,09546	205
677,62006	166
678,14471	155
678,66925	305
679,19385	-805
679,71844	302
680,24298	325
680,76746	489
681,29199	486
681,81647	487
682,34094	676
682,86536	819
683,38977	1051
683,91418	1118
684,4386	1405
684,96295	1790
685,4873	2282
686,01166	2726
686,53595	3457
687,06024	4161
687,58453	4945
688,10876	5755
688,633	6430
689,15723	7249
689,68146	8089
690,20563	8749
690,7298	9361
691,25391	9874
691,77802	10576
692,30212	10880
692,82623	11368
693,35028	11907
693,87433	12698
694,39838	13135
694,92236	14321
695,44635	15410
695,97034	16835
696,49432	18578
697,01825	20385
697,54218	22379
698,06604	24306
698,5899	26020
699,11377	27120
699,63763	27783
700,16144	28281
700,68524	27704
701,20905	26758
701,73279	25161
702,25653	23429
702,78027	21383
703,30396	18918
703,82764	16627
704,35132	14418
704,875	12301
705,39862	10419
705,92224	8898
706,4458	7564
706,96942	6473
707,49298	5562
708,01648	4819
708,54004	4275
709,06354	3658
709,58698	3296
710,11047	3015
710,63391	2645
711,15735	2334
711,68073	2220
712,2041	1838
712,72748	1627
713,25085	1490
713,77417	1294
714,29749	1040
714,82074	838
715,34406	912
715,86731	800
716,3905	475
716,91376	477
717,43695	397
717,96008	414
718,48328	311
719,00641	164
719,52954	394
720,05261	174
720,57574	191
721,09882	84
721,62183	132
722,14484	83
722,66785	124
723,19086	143
723,71381	39
724,23676	5
724,7597	43
725,28265	-61
725,80554	5
726,32837	24
726,85126	15
727,37408	126
727,89691	41
728,41968	48
728,9425	-18
729,46527	-21
729,98798	61
730,51074	-68
731,03345	-13
731,55609	-37
732,0788	55
732,60144	47
733,12408	74
733,64667	58
734,16925	14
734,69183	-41
735,21442	30
735,73694	22
736,25946	-16
736,78192	-29
737,30444	-12
737,8269	-428
738,3493	61
738,87177	-36
739,39417	-160
739,9165	195
740,4389	-71
740,96124	37
741,48358	77
742,00586	42
742,52814	6
743,05042	-82
743,57269	-100
744,09491	-21
744,61713	-80
745,13934	-85
745,6615	-135
746,18365	-160
746,70581	-144
747,22791	28
747,75	-31
748,27209	104
748,79419	-98
749,31622	-8
749,83826	-87
750,36023	48
750,8822	-64
751,40417	-77
751,92615	39
752,44806	-186
752,96997	-76
753,49188	-39
754,01373	-70
754,53558	-184
755,05743	-93
755,57928	-88
756,10107	-87
756,62286	-65
757,14459	-51
757,66632	-34
758,18805	12
758,70978	18
759,23145	-13
759,75311	17
760,27478	-132
760,79639	-45
761,31799	18
761,8396	43
762,36115	-23
762,88269	-150
763,40424	-61
763,92578	-61
764,44727	-161
764,96875	-8
765,49017	46
766,01166	-78
766,53308	-14
767,05444	-35
767,57587	11
768,09723	-84
768,61853	-140
769,13989	-29
769,66119	-116
770,1825	-32
770,70374	-39
771,22498	24
771,74622	-101
772,26746	-29
772,78864	-174
773,30981	-167
773,83093	-71
774,35211	-65
774,87323	-2
775,39429	-19
775,91541	4
776,43646	-51
776,95746	-173
777,47852	9
777,99951	-52
778,52051	-47
779,04144	-159
779,56244	-67
780,08331	13
780,60425	-40
781,12512	-89
781,646	-76
782,16687	-135
782,68768	-21
783,2085	39
783,72931	-140
784,25006	-54
784,77087	-183
785,29156	-107
785,81232	-61
786,33301	-17
786,8537	47
787,37433	-49
787,89502	-103
788,41565	-41
788,93622	40
789,45685	-139
789,97742	-209
790,49792	-165
791,01849	-79
791,539	-65
792,05945	-7
792,57996	15
793,1004	38
793,62085	31
794,14124	-66
794,66168	-63
795,18207	-19
795,70239	-112
796,22272	-171
796,74304	34
797,26337	-70
797,78363	-44
798,30396	-4
798,82416	-37
799,34442	8
799,86462	-126
800,38483	23
800,90497	-65
801,42511	-52
801,94525	-7
802,46539	56
802,98547	56
803,50555	-166
804,02563	-70
804,54565	-57
805,06567	-212
805,58569	-43
806,10565	-1
806,62561	-81
807,14557	-33
807,66553	2
808,18542	-15
808,70532	-137
809,22516	-33
809,745	-220
810,26483	-41
810,78467	58
811,30444	-127
811,82422	-34
812,34399	-73
812,86371	64
813,38342	-25
813,90314	-83
814,42279	-73
814,9425	-130
815,4621	-80
815,98175	-145
816,50134	55
817,02094	-46
817,54053	-87
818,06006	85
818,57959	-29
819,09912	60
819,61859	84
820,13806	23
820,65753	-18
821,17694	-57
821,69635	-147
822,21576	113
822,73517	-87
823,25452	-160
823,77386	-31
824,29315	-128
824,81244	-84
825,33173	-2
825,85101	-238
826,37024	-78
826,88947	-23
827,40869	-84
827,92786	-4
828,44708	-115
828,96619	-101
829,48535	-85
830,00446	-68
830,52356	-8
831,0426	99
831,56171	17
832,08069	-73
832,59973	-44
833,11871	-54
833,6377	-183
834,15668	-9
834,6756	41
835,19452	-172
835,71344	-83
836,23236	-77
836,75122	-117
837,27008	-59
837,78888	59
838,30768	-72
838,82648	-111
839,34528	-42
839,86401	-46
840,38275	-16
840,90149	-14
841,42017	8
841,93884	-59
842,45752	10
842,97614	-76
843,49475	-21
844,01337	-82
844,53198	-176
845,05054	-24
845,56909	-48
846,08759	51
846,60608	-84
847,12457	-73
847,64307	-44
848,1615	-51
848,67993	-43
849,19836	-149
849,71674	-165
850,23511	-59
850,75348	-6
851,27185	-144
851,79016	-5
852,30847	-33
852,82672	-138
853,34497	-164
853,86322	-50
854,38147	-31
854,89966	-103
855,41785	-45
855,93604	-27
856,45416	-197
856,97229	10
857,49042	-30
858,00848	29
858,52661	-25
859,04462	-2
859,56268	13
860,08069	-86
860,59869	-105
861,11664	-63
861,63464	-186
862,15259	-103
862,67047	-98
863,18842	-33
863,7063	-92
864,22412	-28
864,742	2
865,25983	-44
865,77765	-135
866,29541	7
866,81317	-67
867,33093	-1
867,84869	10
868,36639	59
868,88409	-92
869,40179	-1
869,91943	-115
870,43707	-57
870,95471	-3
871,47229	-55
871,98987	28
872,50745	116
873,02496	3
873,54248	-247
874,06	-120
874,57751	-37
875,09497	-67
875,61243	-102
876,12982	-54
876,64728	-18
877,16467	-125
877,68201	-72
878,1994	-40
878,71674	-71
879,23401	-141
879,75134	-123
880,26862	-52
880,78589	142
881,3031	-67
881,82031	1
882,33752	50
882,85474	-127
883,37189	24
883,88904	-94
884,40619	-123
884,92328	-53
885,44037	21
885,95746	-126
886,47449	21
886,99152	-116
887,50854	17
888,02551	-106
888,54254	-21
889,05945	-17
889,57642	-121
890,09332	-23
890,61023	-16
891,12714	-127
891,64398	-62
892,16083	-234
892,67767	-93
893,19446	10
893,71124	-93
894,22803	-25
894,74475	-64
895,26147	7
895,7782	-150
896,29492	-153
896,81158	-19
897,32825	54
897,84485	31
898,36151	-38
898,87811	-87
899,39465	-109
899,91125	-16
900,4278	-6
900,94427	-173
901,46082	-69
901,97729	-56
902,49377	-141
903,01019	-154
903,52661	-15
904,04303	-144
904,55945	-30
905,07581	-103
905,59216	-21
906,10852	-123
906,62482	-248
907,14111	109
907,65741	-115
908,17365	-51
908,68988	-18
909,20612	-179
909,72229	8
910,23846	-71
910,75464	5
911,27081	-54
911,78693	2
912,30304	-99
912,81909	-46
913,33521	-115
913,85126	-46
914,36725	-134
914,8833	31
915,39929	72
915,91528	-115
916,43121	-91
916,94714	-154
917,46307	-245
917,97894	1
918,49487	-118
919,01068	3
919,52655	-65
920,04236	-43
920,55817	-11
921,07397	-50
921,58972	-120
922,10547	-111
922,62122	-174
923,1369	-189
923,65259	-129
924,16827	-61
924,68396	-108
925,19958	-108
925,71521	-93
926,23077	185
926,74634	16
927,2619	32
927,77747	-115
928,29297	10
928,80847	-52
929,32397	1
929,83942	-117
930,35486	24
930,8703	-113
931,38574	-113
931,90112	21
932,4165	-161
932,93182	-73
933,44714	-84
933,96246	-31
934,47778	-59
934,99304	-436
935,5083	-189
936,02356	22
936,53876	-87
937,05396	-164
937,56915	-139
938,08429	-46
938,59943	-108
939,11456	50
939,6297	-153
940,14478	-86
940,65985	-49
941,17487	96
941,68988	-39
942,2049	-154
942,71991	-110
943,23486	18
943,74982	-71
944,26477	-107
944,77966	-46
945,29462	-124
945,80945	-17
946,32434	-148
946,83917	-142
947,354	-101
947,86877	-69
948,38361	-89
948,89832	-23
949,41309	-36
949,9278	-104
950,4425	-27
950,95721	-34
951,47186	-136
951,98651	16
952,50116	54
953,01581	-45
953,5304	-125
954,04498	-160
954,55951	-34
955,07404	-5
955,58856	50
956,10309	-88
956,61755	-26
957,13202	-80
957,64648	-142
958,16089	1
958,67529	-19
959,1897	16
959,70404	18
960,21838	-145
960,73273	-182
961,24701	-181
961,76135	-50
962,27563	-18
962,78986	46
963,30408	-24
963,8183	-52
964,33252	62
964,84668	-61
965,36084	-155
965,875	-133
966,3891	14
966,9032	-77
967,4173	-5
967,9314	16
968,44543	-3
968,95947	-37
969,47345	-48
969,98743	-118
970,5014	-68
971,01538	23
971,5293	-75
972,04321	93
972,55713	11
973,07098	106
973,58484	-45
974,09869	51
974,61249	-124
975,12628	-104
975,64008	-78
976,15387	-17
976,6676	-87
977,18134	-69
977,69501	-135
978,20874	-20
978,72241	-162
979,23602	-57
979,74969	-90
980,26331	-118
980,77686	-92
981,29047	-147
981,80402	-66
982,31757	-143
982,83105	5
983,34454	-53
983,85803	-24
984,37152	-5
984,88495	53
985,39838	-127
985,91174	-252
986,42517	-102
986,93854	-7
987,45184	-189
987,96521	-174
988,47852	-175
988,99176	28
989,50507	2
990,01831	-125
990,53156	17
991,04474	1
991,55798	-33
992,07111	-92
992,58429	131
993,09741	-52
993,61053	-198
994,12366	-36
994,63672	16
995,14978	-61
995,66284	-27
996,17584	-82
996,6889	-152
997,20184	34
997,71484	-154
998,22778	15
998,74072	-202
999,2536	176
999,76654	-93
1000,2794	-32
1000,7922	14
1001,3051	53
1001,8179	-126
1002,3307	-63
1002,8435	15
1003,3563	-194
1003,869	31
1004,3817	28
1004,8944	-23
1005,4071	-140
1005,9198	-37
1006,4324	-81
1006,9451	102
1007,4576	-34
1007,9703	-94
1008,4828	28
1008,9954	14
1009,5079	-39
1010,0204	-103
1010,5329	0
1011,0454	-211
1011,5579	-24
1012,0703	-73
1012,5827	-75
1013,0952	-33
1013,6075	-219
1014,1199	32
1014,6322	12
1015,1445	-94
1015,6569	-142
1016,1691	-127
1016,6814	13
1017,1937	-79
1017,7059	-48
1018,2181	-96
1018,7303	-90
1019,2425	-49
1019,7546	-48
1020,2668	-62
1020,7789	-188
1021,291	-9
1021,803	33
1022,3151	21
1022,8271	-76
1023,3392	1
1023,8512	-51
1024,3632	-172
1024,8751	-33
1025,3871	-34
1025,899	-61
1026,4109	-52
1026,9229	-103
1027,4347	-27
1027,9465	-114
1028,4584	-51
1028,9702	-163
1029,4821	-15
1029,9938	28
1030,5055	-104
1031,0173	63
1031,5291	-8
1032,0406	72
1032,5524	-14
1033,0641	-7
1033,5757	-141
1034,0873	-41
1034,599	-84
1035,1105	-153
1035,6221	-97
1036,1337	94
1036,6451	-111
1037,1567	10
1037,6682	-113
1038,1797	-56
1038,6912	-45
1039,2025	-64
1039,714	-27
1040,2253	-59
1040,7368	143
1041,2482	-10
1041,7595	24
1042,2708	83
1042,7821	-141
1043,2933	-52
1043,8047	-178
1044,3159	-96
1044,8271	-136
1045,3384	-71
1045,8495	-25
1046,3607	-37
1046,8718	10
1047,3831	-19
1047,8942	-76
1048,4052	-157
1048,9163	58
1049,4274	-79
1049,9384	-142
1050,4495	-50
1050,9604	-266
1051,4714	-106
1051,9824	-133
1052,4933	-62
1053,0043	-92
1053,5151	-184
1054,026	-152
1054,5369	-63
1055,0477	-48
1055,5586	-52
1056,0695	-73
1056,5802	-76
1057,0909	-35
1057,6017	-55
1058,1124	-1
1058,6232	-78
1059,1339	84
1059,6445	-7
1060,1553	-122
1060,6659	-103
1061,1765	98
1061,6871	-7
1062,1978	-295
1062,7083	-37
1063,2189	-100
1063,7294	143
1064,2399	-99
1064,7504	-147
1065,2609	-92
1065,7712	3
1066,2817	-73
1066,7921	-35
1067,3025	-51
1067,8129	-122
1068,3232	-90
1068,8336	-60
1069,344	46
1069,8542	8
1070,3645	-1
1070,8748	-57
1071,385	-122
1071,8953	-179
1072,4055	-49
1072,9156	-107
1073,4258	40
1073,936	139
1074,4462	89
1074,9562	-87
1075,4663	-70
1075,9764	-170
1076,4865	-98
1076,9965	-93
1077,5065	-100
1078,0165	-89
1078,5265	-59
1079,0365	-20
1079,5464	54
1080,0564	-121
1080,5663	-85
1081,0762	-48
1081,5861	-4
1082,0958	87
1082,6057	-75
1083,1155	-19
1083,6252	-24
1084,135	8
1084,6448	-16
1085,1545	-52
1085,6643	-71
1086,174	-37
1086,6836	-65
1087,1934	-151
1087,703	-10
1088,2125	-29
1088,7222	-19
1089,2318	-103
1089,7413	-33
1090,2509	-118
1090,7604	57
1091,2699	-53
1091,7794	-20
1092,2888	-44
1092,7983	54
1093,3077	-70
1093,8171	14
1094,3265	-54
1094,8359	-110
1095,3453	94
1095,8546	-77
1096,364	27
1096,8733	22
1097,3826	-37
1097,8918	-36
1098,4011	-24
1098,9103	-4
1099,4196	-111
1099,9287	55
1100,4379	-84
